   3.0007077e-01   7.7000000e+01
  -4.1815459e+00  -3.0233613e+00
  -4.1902102e+00  -3.0342039e+00
  -4.2885249e+00  -3.2960985e+00
  -4.2776549e+00  -3.5579931e+00
  -4.1815459e+00  -3.7837406e+00
  -4.1619888e+00  -3.8198877e+00
  -3.9398503e+00  -4.0390890e+00
  -3.8847298e+00  -4.0817822e+00
  -3.6981546e+00  -4.1809693e+00
  -3.4564590e+00  -4.2853331e+00
  -3.2967220e+00  -4.3436768e+00
  -3.2147633e+00  -4.3671758e+00
  -2.9730677e+00  -4.4297577e+00
  -2.7313721e+00  -4.5011973e+00
  -2.4896764e+00  -4.5974550e+00
  -2.4727080e+00  -4.6055714e+00
  -2.2479808e+00  -4.6939344e+00
  -2.0062851e+00  -4.8206609e+00
  -1.9281561e+00  -4.8674660e+00
  -1.7645895e+00  -4.9464166e+00
  -1.5228938e+00  -5.0707413e+00
  -1.4049940e+00  -5.1293606e+00
  -1.2811982e+00  -5.1795692e+00
  -1.0395025e+00  -5.2639454e+00
  -7.9780688e-01  -5.3324049e+00
  -5.5611123e-01  -5.3773055e+00
  -3.2076023e-01  -5.3912552e+00
  -3.1441559e-01  -5.3915626e+00
  -3.0921416e-01  -5.3912552e+00
  -7.2719941e-02  -5.3711733e+00
   1.6897571e-01  -5.3168341e+00
   4.1067135e-01  -5.2366033e+00
   6.5236700e-01  -5.1439116e+00
   6.9010969e-01  -5.1293606e+00
   8.9406264e-01  -5.0108557e+00
   1.1357583e+00  -4.8956441e+00
   1.2094501e+00  -4.8674660e+00
   1.3774539e+00  -4.7550926e+00
   1.6191496e+00  -4.6507050e+00
   1.7553441e+00  -4.6055714e+00
   1.8608452e+00  -4.5221046e+00
   2.1025409e+00  -4.3946919e+00
   2.2028352e+00  -4.3436768e+00
   2.1025409e+00  -4.1026608e+00
   1.8608452e+00  -4.1585375e+00
   1.6191496e+00  -4.1924829e+00
   1.3774539e+00  -4.2015384e+00
   1.1357583e+00  -4.1848164e+00
   8.9406264e-01  -4.1431671e+00
   6.6479139e-01  -4.0817822e+00
   6.5236700e-01  -4.0800530e+00
   4.1067135e-01  -4.0306894e+00
   1.6897571e-01  -3.9707559e+00
  -7.2719941e-02  -3.9033934e+00
  -3.1441559e-01  -3.8312868e+00
  -3.5218604e-01  -3.8198877e+00
  -5.5611123e-01  -3.7762110e+00
  -7.9780688e-01  -3.7240135e+00
  -1.0395025e+00  -3.6699756e+00
  -1.2811982e+00  -3.6099158e+00
  -1.4548252e+00  -3.5579931e+00
  -1.5228938e+00  -3.5415538e+00
  -1.7645895e+00  -3.4696581e+00
  -2.0062851e+00  -3.3663795e+00
  -2.1281721e+00  -3.2960985e+00
  -2.2479808e+00  -3.2394292e+00
  -2.4896764e+00  -3.1015583e+00
  -2.5969775e+00  -3.0342039e+00
  -2.7313721e+00  -2.9675761e+00
  -2.9730677e+00  -2.8567378e+00
  -3.2028215e+00  -2.7723093e+00
  -3.2147633e+00  -2.7688482e+00
  -3.4564590e+00  -2.7346907e+00
  -3.6981546e+00  -2.7444731e+00
  -3.8042146e+00  -2.7723093e+00
  -3.9398503e+00  -2.8267182e+00
  -4.1815459e+00  -3.0233613e+00
   2.9993853e-01   5.7000000e+01
   3.5527148e+00   2.5784881e+00
   3.4872953e+00   2.4655825e+00
   3.4066914e+00   2.2036880e+00
   3.3847568e+00   1.9417934e+00
   3.4036510e+00   1.6798988e+00
   3.4490653e+00   1.4180042e+00
   3.5094710e+00   1.1561096e+00
   3.5527148e+00   9.9168867e-01
   3.5809369e+00   8.9421499e-01
   3.6607706e+00   6.3232040e-01
   3.7346220e+00   3.7042581e-01
   3.7944104e+00   1.3234349e-01
   3.8015432e+00   1.0853122e-01
   3.8729656e+00  -1.5336337e-01
   3.9329380e+00  -4.1525796e-01
   3.9827879e+00  -6.7715256e-01
   4.0243094e+00  -9.3904715e-01
   4.0361060e+00  -1.0302216e+00
   4.0704182e+00  -1.2009417e+00
   4.1216151e+00  -1.4628363e+00
   4.1879352e+00  -1.7247309e+00
   4.2778017e+00  -1.9282561e+00
   4.5194973e+00  -1.9825136e+00
   4.7611930e+00  -1.8667536e+00
   4.9408177e+00  -1.7247309e+00
   5.0028886e+00  -1.6801796e+00
   5.2089816e+00  -1.4628363e+00
   5.2445843e+00  -1.4261020e+00
   5.4046611e+00  -1.2009417e+00
   5.4862799e+00  -1.0809282e+00
   5.5609874e+00  -9.3904715e-01
   5.6823641e+00  -6.7715256e-01
   5.7279756e+00  -5.5720786e-01
   5.7705615e+00  -4.1525796e-01
   5.8282752e+00  -1.5336337e-01
   5.8646644e+00   1.0853122e-01
   5.8798321e+00   3.7042581e-01
   5.8748395e+00   6.3232040e-01
   5.8510830e+00   8.9421499e-01
   5.8097694e+00   1.1561096e+00
   5.7516095e+00   1.4180042e+00
   5.7279756e+00   1.4991217e+00
   5.6641673e+00   1.6798988e+00
   5.5511548e+00   1.9417934e+00
   5.4862799e+00   2.0672321e+00
   5.3989730e+00   2.2036880e+00
   5.2445843e+00   2.4112508e+00
   5.1926713e+00   2.4655825e+00
   5.0028886e+00   2.6382070e+00
   4.8704675e+00   2.7274771e+00
   4.7611930e+00   2.7922907e+00
   4.5194973e+00   2.8843822e+00
   4.2778017e+00   2.9242767e+00
   4.0361060e+00   2.9036330e+00
   3.7944104e+00   2.8090955e+00
   3.6843315e+00   2.7274771e+00
   3.5527148e+00   2.5784881e+00
   4.0001641e-01   1.9300000e+02
  -4.9066329e+00  -2.7808854e+00
  -4.9919668e+00  -3.0342039e+00
  -5.0247172e+00  -3.2960985e+00
  -5.0032449e+00  -3.5579931e+00
  -4.9267169e+00  -3.8198877e+00
  -4.9066329e+00  -3.8590805e+00
  -4.7763780e+00  -4.0817822e+00
  -4.6649372e+00  -4.2130185e+00
  -4.5352642e+00  -4.3436768e+00
  -4.4232416e+00  -4.4294764e+00
  -4.1815459e+00  -4.5862091e+00
  -4.1462820e+00  -4.6055714e+00
  -3.9398503e+00  -4.6987158e+00
  -3.6981546e+00  -4.7951288e+00
  -3.5058913e+00  -4.8674660e+00
  -3.4564590e+00  -4.8839102e+00
  -3.2147633e+00  -4.9632940e+00
  -2.9730677e+00  -5.0522756e+00
  -2.7937249e+00  -5.1293606e+00
  -2.7313721e+00  -5.1543700e+00
  -2.4896764e+00  -5.2625514e+00
  -2.2479808e+00  -5.3904860e+00
  -2.2465817e+00  -5.3912552e+00
  -2.0062851e+00  -5.5145210e+00
  -1.7645895e+00  -5.6481260e+00
  -1.7550883e+00  -5.6531498e+00
  -1.5228938e+00  -5.7701414e+00
  -1.2811982e+00  -5.8899861e+00
  -1.2247284e+00  -5.9150444e+00
  -1.0395025e+00  -5.9953724e+00
  -7.9780688e-01  -6.0867409e+00
  -5.5611123e-01  -6.1617658e+00
  -4.8536614e-01  -6.1769390e+00
  -3.1441559e-01  -6.2122726e+00
  -7.2719941e-02  -6.2383127e+00
   1.6897571e-01  -6.2404198e+00
   4.1067135e-01  -6.2201913e+00
   6.5236700e-01  -6.1814480e+00
   6.7326595e-01  -6.1769390e+00
   8.9406264e-01  -6.1236922e+00
   1.1357583e+00  -6.0571386e+00
   1.3774539e+00  -5.9875029e+00
   1.6191496e+00  -5.9174147e+00
   1.6270389e+00  -5.9150444e+00
   1.8608452e+00  -5.8381878e+00
   2.1025409e+00  -5.7570876e+00
   2.3442365e+00  -5.6707659e+00
   2.3878450e+00  -5.6531498e+00
   2.5859322e+00  -5.5649563e+00
   2.8276278e+00  -5.4446999e+00
   2.9217062e+00  -5.3912552e+00
   3.0693235e+00  -5.2984529e+00
   3.3110191e+00  -5.1303747e+00
   3.3123179e+00  -5.1293606e+00
   3.5527148e+00  -4.9250008e+00
   3.6155720e+00  -4.8674660e+00
   3.7944104e+00  -4.6914194e+00
   3.8769211e+00  -4.6055714e+00
   4.0361060e+00  -4.4307650e+00
   4.1121285e+00  -4.3436768e+00
   4.2778017e+00  -4.1476772e+00
   4.3315715e+00  -4.0817822e+00
   4.5194973e+00  -3.8490242e+00
   4.5422494e+00  -3.8198877e+00
   4.7469659e+00  -3.5579931e+00
   4.7611930e+00  -3.5400323e+00
   4.9467354e+00  -3.2960985e+00
   5.0028886e+00  -3.2250728e+00
   5.1464385e+00  -3.0342039e+00
   5.2445843e+00  -2.9088586e+00
   5.3452422e+00  -2.7723093e+00
   5.4862799e+00  -2.5870048e+00
   5.5406506e+00  -2.5104147e+00
   5.7279756e+00  -2.2506640e+00
   5.7294082e+00  -2.2485201e+00
   5.8991475e+00  -1.9866255e+00
   5.9696712e+00  -1.8756908e+00
   6.0569600e+00  -1.7247309e+00
   6.2003654e+00  -1.4628363e+00
   6.2113669e+00  -1.4405703e+00
   6.3179452e+00  -1.2009417e+00
   6.4206152e+00  -9.3904715e-01
   6.4530625e+00  -8.3923454e-01
   6.5005598e+00  -6.7715256e-01
   6.5600260e+00  -4.1525796e-01
   6.6021363e+00  -1.5336337e-01
   6.6269778e+00   1.0853122e-01
   6.6352272e+00   3.7042581e-01
   6.6279161e+00   6.3232040e-01
   6.6061400e+00   8.9421499e-01
   6.5707936e+00   1.1561096e+00
   6.5223867e+00   1.4180042e+00
   6.4609611e+00   1.6798988e+00
   6.4530625e+00   1.7071377e+00
   6.3783390e+00   1.9417934e+00
   6.2796834e+00   2.2036880e+00
   6.2113669e+00   2.3585522e+00
   6.1587731e+00   2.4655825e+00
   6.0106551e+00   2.7274771e+00
   5.9696712e+00   2.7909713e+00
   5.8254428e+00   2.9893717e+00
   5.7279756e+00   3.1093078e+00
   5.5961774e+00   3.2512663e+00
   5.4862799e+00   3.3586006e+00
   5.3033403e+00   3.5131609e+00
   5.2445843e+00   3.5588603e+00
   5.0028886e+00   3.7176513e+00
   4.8970395e+00   3.7750555e+00
   4.7611930e+00   3.8440193e+00
   4.5194973e+00   3.9413795e+00
   4.2778017e+00   4.0149377e+00
   4.1641049e+00   4.0369501e+00
   4.0361060e+00   4.0605364e+00
   3.7944104e+00   4.0789247e+00
   3.5527148e+00   4.0696009e+00
   3.3568306e+00   4.0369501e+00
   3.3110191e+00   4.0277157e+00
   3.0693235e+00   3.9392613e+00
   2.8276278e+00   3.7988364e+00
   2.7973730e+00   3.7750555e+00
   2.5859322e+00   3.5561895e+00
   2.5539321e+00   3.5131609e+00
   2.4151720e+00   3.2512663e+00
   2.3442365e+00   3.0267559e+00
   2.3344695e+00   2.9893717e+00
   2.3023672e+00   2.7274771e+00
   2.3050448e+00   2.4655825e+00
   2.3375347e+00   2.2036880e+00
   2.3442365e+00   2.1749137e+00
   2.3990712e+00   1.9417934e+00
   2.4814280e+00   1.6798988e+00
   2.5774953e+00   1.4180042e+00
   2.5859322e+00   1.3979983e+00
   2.6867364e+00   1.1561096e+00
   2.7952357e+00   8.9421499e-01
   2.8276278e+00   8.1488029e-01
   2.9019781e+00   6.3232040e-01
   2.9980176e+00   3.7042581e-01
   3.0693235e+00   1.3859927e-01
   3.0789550e+00   1.0853122e-01
   3.1483216e+00  -1.5336337e-01
   3.1977060e+00  -4.1525796e-01
   3.2267017e+00  -6.7715256e-01
   3.2343730e+00  -9.3904715e-01
   3.2186122e+00  -1.2009417e+00
   3.1752719e+00  -1.4628363e+00
   3.0967184e+00  -1.7247309e+00
   3.0693235e+00  -1.7882022e+00
   2.9822447e+00  -1.9866255e+00
   2.8276278e+00  -2.2258439e+00
   2.8116328e+00  -2.2485201e+00
   2.5859322e+00  -2.4976586e+00
   2.5723721e+00  -2.5104147e+00
   2.3442365e+00  -2.6966856e+00
   2.2273649e+00  -2.7723093e+00
   2.1025409e+00  -2.8494746e+00
   1.8608452e+00  -2.9686745e+00
   1.6859635e+00  -3.0342039e+00
   1.6191496e+00  -3.0609162e+00
   1.3774539e+00  -3.1360523e+00
   1.1357583e+00  -3.1870176e+00
   8.9406264e-01  -3.2174458e+00
   6.5236700e-01  -3.2301973e+00
   4.1067135e-01  -3.2278435e+00
   1.6897571e-01  -3.2127834e+00
  -7.2719941e-02  -3.1871156e+00
  -3.1441559e-01  -3.1523770e+00
  -5.5611123e-01  -3.1092254e+00
  -7.9780688e-01  -3.0570895e+00
  -8.8786144e-01  -3.0342039e+00
  -1.0395025e+00  -2.9997547e+00
  -1.2811982e+00  -2.9337569e+00
  -1.5228938e+00  -2.8517140e+00
  -1.7126023e+00  -2.7723093e+00
  -1.7645895e+00  -2.7521165e+00
  -2.0062851e+00  -2.6454140e+00
  -2.2479808e+00  -2.5229635e+00
  -2.2720913e+00  -2.5104147e+00
  -2.4896764e+00  -2.4083959e+00
  -2.7313721e+00  -2.2979808e+00
  -2.8532265e+00  -2.2485201e+00
  -2.9730677e+00  -2.2044594e+00
  -3.2147633e+00  -2.1344847e+00
  -3.4564590e+00  -2.0877253e+00
  -3.6981546e+00  -2.0698279e+00
  -3.9398503e+00  -2.0866588e+00
  -4.1815459e+00  -2.1444084e+00
  -4.4206235e+00  -2.2485201e+00
  -4.4232416e+00  -2.2499508e+00
  -4.6649372e+00  -2.4426268e+00
  -4.7281797e+00  -2.5104147e+00
  -4.9031134e+00  -2.7723093e+00
  -4.9066329e+00  -2.7808854e+00
   4.9998122e-01   2.1500000e+02
  -5.3900242e+00  -2.5870891e+00
  -5.4590138e+00  -2.7723093e+00
  -5.5165012e+00  -3.0342039e+00
  -5.5345242e+00  -3.2960985e+00
  -5.5130873e+00  -3.5579931e+00
  -5.4503433e+00  -3.8198877e+00
  -5.3900242e+00  -3.9674014e+00
  -5.3389956e+00  -4.0817822e+00
  -5.1687994e+00  -4.3436768e+00
  -5.1483285e+00  -4.3675311e+00
  -4.9155635e+00  -4.6055714e+00
  -4.9066329e+00  -4.6128969e+00
  -4.6649372e+00  -4.7855577e+00
  -4.5299060e+00  -4.8674660e+00
  -4.4232416e+00  -4.9229080e+00
  -4.1815459e+00  -5.0316604e+00
  -3.9398503e+00  -5.1285175e+00
  -3.9375985e+00  -5.1293606e+00
  -3.6981546e+00  -5.2121088e+00
  -3.4564590e+00  -5.2964407e+00
  -3.2147633e+00  -5.3886324e+00
  -3.2084425e+00  -5.3912552e+00
  -2.9730677e+00  -5.4866764e+00
  -2.7313721e+00  -5.5994542e+00
  -2.6278399e+00  -5.6531498e+00
  -2.4896764e+00  -5.7250055e+00
  -2.2479808e+00  -5.8603934e+00
  -2.1541598e+00  -5.9150444e+00
  -2.0062851e+00  -6.0031325e+00
  -1.7645895e+00  -6.1485129e+00
  -1.7156145e+00  -6.1769390e+00
  -1.5228938e+00  -6.2933494e+00
  -1.2811982e+00  -6.4327361e+00
  -1.2693691e+00  -6.4388336e+00
  -1.0395025e+00  -6.5617713e+00
  -7.9780688e-01  -6.6744031e+00
  -7.2744606e-01  -6.7007282e+00
  -5.5611123e-01  -6.7653895e+00
  -3.1441559e-01  -6.8310908e+00
  -7.2719941e-02  -6.8709250e+00
   1.6897571e-01  -6.8852423e+00
   4.1067135e-01  -6.8758795e+00
   6.5236700e-01  -6.8461247e+00
   8.9406264e-01  -6.8003103e+00
   1.1357583e+00  -6.7430951e+00
   1.2942127e+00  -6.7007282e+00
   1.3774539e+00  -6.6772919e+00
   1.6191496e+00  -6.6050307e+00
   1.8608452e+00  -6.5306547e+00
   2.1025409e+00  -6.4537061e+00
   2.1464214e+00  -6.4388336e+00
   2.3442365e+00  -6.3688797e+00
   2.5859322e+00  -6.2764971e+00
   2.8197530e+00  -6.1769390e+00
   2.8276278e+00  -6.1733985e+00
   3.0693235e+00  -6.0506977e+00
   3.3043237e+00  -5.9150444e+00
   3.3110191e+00  -5.9109316e+00
   3.5527148e+00  -5.7439994e+00
   3.6704507e+00  -5.6531498e+00
   3.7944104e+00  -5.5518454e+00
   3.9740022e+00  -5.3912552e+00
   4.0361060e+00  -5.3327541e+00
   4.2373780e+00  -5.1293606e+00
   4.2778017e+00  -5.0867492e+00
   4.4748594e+00  -4.8674660e+00
   4.5194973e+00  -4.8162548e+00
   4.6954873e+00  -4.6055714e+00
   4.7611930e+00  -4.5253946e+00
   4.9049683e+00  -4.3436768e+00
   5.0028886e+00  -4.2187732e+00
   5.1069766e+00  -4.0817822e+00
   5.2445843e+00  -3.9004618e+00
   5.3039063e+00  -3.8198877e+00
   5.4862799e+00  -3.5732409e+00
   5.4972032e+00  -3.5579931e+00
   5.6845147e+00  -3.2960985e+00
   5.7279756e+00  -3.2359346e+00
   5.8678108e+00  -3.0342039e+00
   5.9696712e+00  -2.8881868e+00
   6.0469708e+00  -2.7723093e+00
   6.2113669e+00  -2.5246713e+00
   6.2204021e+00  -2.5104147e+00
   6.3814322e+00  -2.2485201e+00
   6.4530625e+00  -2.1281588e+00
   6.5328854e+00  -1.9866255e+00
   6.6720129e+00  -1.7247309e+00
   6.6947582e+00  -1.6780747e+00
   6.7940154e+00  -1.4628363e+00
   6.9018012e+00  -1.2009417e+00
   6.9364538e+00  -1.1030527e+00
   6.9917290e+00  -9.3904715e-01
   7.0641372e+00  -6.7715256e-01
   7.1204302e+00  -4.1525796e-01
   7.1604102e+00  -1.5336337e-01
   7.1781494e+00   4.1762027e-02
   7.1839834e+00   1.0853122e-01
   7.1918606e+00   3.7042581e-01
   7.1855559e+00   6.3232040e-01
   7.1781494e+00   7.3055293e-01
   7.1652946e+00   8.9421499e-01
   7.1314743e+00   1.1561096e+00
   7.0849304e+00   1.4180042e+00
   7.0258109e+00   1.6798988e+00
   6.9538345e+00   1.9417934e+00
   6.9364538e+00   1.9947378e+00
   6.8648548e+00   2.2036880e+00
   6.7605020e+00   2.4655825e+00
   6.6947582e+00   2.6087233e+00
   6.6369028e+00   2.7274771e+00
   6.4920478e+00   2.9893717e+00
   6.4530625e+00   3.0520212e+00
   6.3195468e+00   3.2512663e+00
   6.2113669e+00   3.3970856e+00
   6.1172077e+00   3.5131609e+00
   5.9696712e+00   3.6799492e+00
   5.8765070e+00   3.7750555e+00
   5.7279756e+00   3.9163877e+00
   5.5862726e+00   4.0369501e+00
   5.4862799e+00   4.1176012e+00
   5.2445843e+00   4.2905397e+00
   5.2312342e+00   4.2988447e+00
   5.0028886e+00   4.4359732e+00
   4.7655249e+00   4.5607393e+00
   4.7611930e+00   4.5629718e+00
   4.5194973e+00   4.6672756e+00
   4.2778017e+00   4.7547979e+00
   4.0457568e+00   4.8226339e+00
   4.0361060e+00   4.8254292e+00
   3.7944104e+00   4.8756887e+00
   3.5527148e+00   4.9075136e+00
   3.3110191e+00   4.9192520e+00
   3.0693235e+00   4.9086081e+00
   2.8276278e+00   4.8726742e+00
   2.6386184e+00   4.8226339e+00
   2.5859322e+00   4.8064844e+00
   2.3442365e+00   4.6981191e+00
   2.1249206e+00   4.5607393e+00
   2.1025409e+00   4.5436944e+00
   1.8608452e+00   4.3080958e+00
   1.8531037e+00   4.2988447e+00
   1.6816808e+00   4.0369501e+00
   1.6191496e+00   3.9032611e+00
   1.5677844e+00   3.7750555e+00
   1.4985390e+00   3.5131609e+00
   1.4627144e+00   3.2512663e+00
   1.4560234e+00   2.9893717e+00
   1.4752829e+00   2.7274771e+00
   1.5182467e+00   2.4655825e+00
   1.5833641e+00   2.2036880e+00
   1.6191496e+00   2.0970934e+00
   1.6712753e+00   1.9417934e+00
   1.7792213e+00   1.6798988e+00
   1.8608452e+00   1.5092707e+00
   1.9038388e+00   1.4180042e+00
   2.0401549e+00   1.1561096e+00
   2.1025409e+00   1.0420354e+00
   2.1803923e+00   8.9421499e-01
   2.3152714e+00   6.3232040e-01
   2.3442365e+00   5.7272035e-01
   2.4382145e+00   3.7042581e-01
   2.5417481e+00   1.0853122e-01
   2.5859322e+00  -3.2308824e-02
   2.6233342e+00  -1.5336337e-01
   2.6801109e+00  -4.1525796e-01
   2.7092342e+00  -6.7715256e-01
   2.7087012e+00  -9.3904715e-01
   2.6750178e+00  -1.2009417e+00
   2.6019906e+00  -1.4628363e+00
   2.5859322e+00  -1.5001292e+00
   2.4832552e+00  -1.7247309e+00
   2.3442365e+00  -1.9309350e+00
   2.3014717e+00  -1.9866255e+00
   2.1025409e+00  -2.1873203e+00
   2.0281442e+00  -2.2485201e+00
   1.8608452e+00  -2.3670516e+00
   1.6191496e+00  -2.4975266e+00
   1.5883940e+00  -2.5104147e+00
   1.3774539e+00  -2.5955749e+00
   1.1357583e+00  -2.6646996e+00
   8.9406264e-01  -2.7099361e+00
   6.5236700e-01  -2.7353284e+00
   4.1067135e-01  -2.7439973e+00
   1.6897571e-01  -2.7383935e+00
  -7.2719941e-02  -2.7203310e+00
  -3.1441559e-01  -2.6909202e+00
  -5.5611123e-01  -2.6504767e+00
  -7.9780688e-01  -2.5984376e+00
  -1.0395025e+00  -2.5333171e+00
  -1.1103985e+00  -2.5104147e+00
  -1.2811982e+00  -2.4566077e+00
  -1.5228938e+00  -2.3666725e+00
  -1.7645895e+00  -2.2617226e+00
  -1.7924492e+00  -2.2485201e+00
  -2.0062851e+00  -2.1503317e+00
  -2.2479808e+00  -2.0341685e+00
  -2.3478142e+00  -1.9866255e+00
  -2.4896764e+00  -1.9213790e+00
  -2.7313721e+00  -1.8182283e+00
  -2.9730677e+00  -1.7268364e+00
  -2.9799335e+00  -1.7247309e+00
  -3.2147633e+00  -1.6544819e+00
  -3.4564590e+00  -1.6021749e+00
  -3.6981546e+00  -1.5731855e+00
  -3.9398503e+00  -1.5712163e+00
  -4.1815459e+00  -1.6002734e+00
  -4.4232416e+00  -1.6646397e+00
  -4.5649708e+00  -1.7247309e+00
  -4.6649372e+00  -1.7728695e+00
  -4.9066329e+00  -1.9362569e+00
  -4.9643624e+00  -1.9866255e+00
  -5.1483285e+00  -2.1813499e+00
  -5.2004406e+00  -2.2485201e+00
  -5.3575880e+00  -2.5104147e+00
  -5.3900242e+00  -2.5870891e+00
   6.0003362e-01   2.3700000e+02
  -5.8734155e+00  -2.5762244e+00
  -5.9290806e+00  -2.7723093e+00
  -5.9721502e+00  -3.0342039e+00
  -5.9844904e+00  -3.2960985e+00
  -5.9657790e+00  -3.5579931e+00
  -5.9139806e+00  -3.8198877e+00
  -5.8734155e+00  -3.9418430e+00
  -5.8248023e+00  -4.0817822e+00
  -5.6918076e+00  -4.3436768e+00
  -5.6317198e+00  -4.4320936e+00
  -5.5018408e+00  -4.6055714e+00
  -5.3900242e+00  -4.7232990e+00
  -5.2331714e+00  -4.8674660e+00
  -5.1483285e+00  -4.9328389e+00
  -4.9066329e+00  -5.0920646e+00
  -4.8407531e+00  -5.1293606e+00
  -4.6649372e+00  -5.2184692e+00
  -4.4232416e+00  -5.3227238e+00
  -4.2433300e+00  -5.3912552e+00
  -4.1815459e+00  -5.4138050e+00
  -3.9398503e+00  -5.4970863e+00
  -3.6981546e+00  -5.5793176e+00
  -3.4939923e+00  -5.6531498e+00
  -3.4564590e+00  -5.6670812e+00
  -3.2147633e+00  -5.7653169e+00
  -2.9730677e+00  -5.8761731e+00
  -2.8967435e+00  -5.9150444e+00
  -2.7313721e+00  -6.0042004e+00
  -2.4896764e+00  -6.1453507e+00
  -2.4380263e+00  -6.1769390e+00
  -2.2479808e+00  -6.3021324e+00
  -2.0438638e+00  -6.4388336e+00
  -2.0062851e+00  -6.4664437e+00
  -1.7645895e+00  -6.6385385e+00
  -1.6728158e+00  -6.7007282e+00
  -1.5228938e+00  -6.8104763e+00
  -1.2943832e+00  -6.9626228e+00
  -1.2811982e+00  -6.9718890e+00
  -1.0395025e+00  -7.1187916e+00
  -8.2890742e-01  -7.2245174e+00
  -7.9780688e-01  -7.2402761e+00
  -5.5611123e-01  -7.3349667e+00
  -3.1441559e-01  -7.4013127e+00
  -7.2719941e-02  -7.4410307e+00
   1.6897571e-01  -7.4561629e+00
   4.1067135e-01  -7.4492706e+00
   6.5236700e-01  -7.4234675e+00
   8.9406264e-01  -7.3822797e+00
   1.1357583e+00  -7.3293445e+00
   1.3774539e+00  -7.2679972e+00
   1.5344777e+00  -7.2245174e+00
   1.6191496e+00  -7.2006078e+00
   1.8608452e+00  -7.1293217e+00
   2.1025409e+00  -7.0551997e+00
   2.3442365e+00  -6.9770207e+00
   2.3859856e+00  -6.9626228e+00
   2.5859322e+00  -6.8927348e+00
   2.8276278e+00  -6.7998606e+00
   3.0549417e+00  -6.7007282e+00
   3.0693235e+00  -6.6942990e+00
   3.3110191e+00  -6.5727046e+00
   3.5399769e+00  -6.4388336e+00
   3.5527148e+00  -6.4311178e+00
   3.7944104e+00  -6.2663085e+00
   3.9099713e+00  -6.1769390e+00
   4.0361060e+00  -6.0755779e+00
   4.2162231e+00  -5.9150444e+00
   4.2778017e+00  -5.8580120e+00
   4.4818270e+00  -5.6531498e+00
   4.5194973e+00  -5.6140006e+00
   4.7211191e+00  -5.3912552e+00
   4.7611930e+00  -5.3457141e+00
   4.9430970e+00  -5.1293606e+00
   5.0028886e+00  -5.0566643e+00
   5.1532688e+00  -4.8674660e+00
   5.2445843e+00  -4.7506144e+00
   5.3549345e+00  -4.6055714e+00
   5.4862799e+00  -4.4305820e+00
   5.5500459e+00  -4.3436768e+00
   5.7279756e+00  -4.0983725e+00
   5.7397568e+00  -4.0817822e+00
   5.9241783e+00  -3.8198877e+00
   5.9696712e+00  -3.7549852e+00
   6.1042610e+00  -3.5579931e+00
   6.2113669e+00  -3.4001525e+00
   6.2801256e+00  -3.2960985e+00
   6.4512064e+00  -3.0342039e+00
   6.4530625e+00  -3.0313380e+00
   6.6155842e+00  -2.7723093e+00
   6.6947582e+00  -2.6430636e+00
   6.7737061e+00  -2.5104147e+00
   6.9234570e+00  -2.2485201e+00
   6.9364538e+00  -2.2246797e+00
   7.0627189e+00  -1.9866255e+00
   7.1781494e+00  -1.7515011e+00
   7.1910788e+00  -1.7247309e+00
   7.3060365e+00  -1.4628363e+00
   7.4073189e+00  -1.2009417e+00
   7.4198451e+00  -1.1632629e+00
   7.4939538e+00  -9.3904715e-01
   7.5650555e+00  -6.7715256e-01
   7.6205987e+00  -4.1525796e-01
   7.6605994e+00  -1.5336337e-01
   7.6615407e+00  -1.4330398e-01
   7.6853696e+00   1.0853122e-01
   7.6949359e+00   3.7042581e-01
   7.6898155e+00   6.3232040e-01
   7.6705397e+00   8.9421499e-01
   7.6615407e+00   9.6583213e-01
   7.6378394e+00   1.1561096e+00
   7.5921992e+00   1.4180042e+00
   7.5337289e+00   1.6798988e+00
   7.4622288e+00   1.9417934e+00
   7.4198451e+00   2.0724270e+00
   7.3772451e+00   2.2036880e+00
   7.2785428e+00   2.4655825e+00
   7.1781494e+00   2.6967297e+00
   7.1645560e+00   2.7274771e+00
   7.0336954e+00   2.9893717e+00
   6.9364538e+00   3.1618730e+00
   6.8841842e+00   3.2512663e+00
   6.7140091e+00   3.5131609e+00
   6.6947582e+00   3.5402385e+00
   6.5184021e+00   3.7750555e+00
   6.4530625e+00   3.8553483e+00
   6.2944704e+00   4.0369501e+00
   6.2113669e+00   4.1263329e+00
   6.0369288e+00   4.2988447e+00
   5.9696712e+00   4.3624560e+00
   5.7392002e+00   4.5607393e+00
   5.7279756e+00   4.5701403e+00
   5.4862799e+00   4.7536301e+00
   5.3847911e+00   4.8226339e+00
   5.2445843e+00   4.9172317e+00
   5.0028886e+00   5.0624377e+00
   4.9612953e+00   5.0845285e+00
   4.7611930e+00   5.1915274e+00
   4.5194973e+00   5.3048226e+00
   4.4166785e+00   5.3464231e+00
   4.2778017e+00   5.4034696e+00
   4.0361060e+00   5.4868680e+00
   3.7944104e+00   5.5551154e+00
   3.5527148e+00   5.6078290e+00
   3.5493532e+00   5.6083176e+00
   3.3110191e+00   5.6432707e+00
   3.0693235e+00   5.6607223e+00
   2.8276278e+00   5.6588544e+00
   2.5859322e+00   5.6360079e+00
   2.4377697e+00   5.6083176e+00
   2.3442365e+00   5.5893458e+00
   2.1025409e+00   5.5144569e+00
   1.8608452e+00   5.4095240e+00
   1.7478482e+00   5.3464231e+00
   1.6191496e+00   5.2645683e+00
   1.3923549e+00   5.0845285e+00
   1.3774539e+00   5.0705415e+00
   1.1552866e+00   4.8226339e+00
   1.1357583e+00   4.7956157e+00
   9.8759628e-01   4.5607393e+00
   8.9406264e-01   4.3639595e+00
   8.6620722e-01   4.2988447e+00
   7.8493527e-01   4.0369501e+00
   7.3434038e-01   3.7750555e+00
   7.1088931e-01   3.5131609e+00
   7.1159469e-01   3.2512663e+00
   7.3406472e-01   2.9893717e+00
   7.7660538e-01   2.7274771e+00
   8.3832458e-01   2.4655825e+00
   8.9406264e-01   2.2859447e+00
   9.1926732e-01   2.2036880e+00
   1.0192497e+00   1.9417934e+00
   1.1357583e+00   1.6857905e+00
   1.1384117e+00   1.6798988e+00
   1.2756987e+00   1.4180042e+00
   1.3774539e+00   1.2451154e+00
   1.4287208e+00   1.1561096e+00
   1.5911029e+00   8.9421499e-01
   1.6191496e+00   8.5064396e-01
   1.7529136e+00   6.3232040e-01
   1.8608452e+00   4.4954589e-01
   1.9046684e+00   3.7042581e-01
   2.0345981e+00   1.0853122e-01
   2.1025409e+00  -6.0392714e-02
   2.1374932e+00  -1.5336337e-01
   2.2067943e+00  -4.1525796e-01
   2.2408490e+00  -6.7715256e-01
   2.2356802e+00  -9.3904715e-01
   2.1858998e+00  -1.2009417e+00
   2.1025409e+00  -1.4156446e+00
   2.0820171e+00  -1.4628363e+00
   1.9037096e+00  -1.7247309e+00
   1.8608452e+00  -1.7706876e+00
   1.6191496e+00  -1.9798398e+00
   1.6090933e+00  -1.9866255e+00
   1.3774539e+00  -2.1166580e+00
   1.1357583e+00  -2.2129850e+00
   1.0056824e+00  -2.2485201e+00
   8.9406264e-01  -2.2768375e+00
   6.5236700e-01  -2.3147264e+00
   4.1067135e-01  -2.3320130e+00
   1.6897571e-01  -2.3318337e+00
  -7.2719941e-02  -2.3163200e+00
  -3.1441559e-01  -2.2866781e+00
  -5.2714174e-01  -2.2485201e+00
  -5.5611123e-01  -2.2432091e+00
  -7.9780688e-01  -2.1855054e+00
  -1.0395025e+00  -2.1140797e+00
  -1.2811982e+00  -2.0287827e+00
  -1.3855085e+00  -1.9866255e+00
  -1.5228938e+00  -1.9293623e+00
  -1.7645895e+00  -1.8201075e+00
  -1.9655605e+00  -1.7247309e+00
  -2.0062851e+00  -1.7049311e+00
  -2.2479808e+00  -1.5882786e+00
  -2.4896764e+00  -1.4771356e+00
  -2.5233183e+00  -1.4628363e+00
  -2.7313721e+00  -1.3728474e+00
  -2.9730677e+00  -1.2819596e+00
  -3.2147633e+00  -1.2069624e+00
  -3.2405450e+00  -1.2009417e+00
  -3.4564590e+00  -1.1490133e+00
  -3.6981546e+00  -1.1130735e+00
  -3.9398503e+00  -1.1015090e+00
  -4.1815459e+00  -1.1167604e+00
  -4.4232416e+00  -1.1615927e+00
  -4.5479433e+00  -1.2009417e+00
  -4.6649372e+00  -1.2396912e+00
  -4.9066329e+00  -1.3558308e+00
  -5.0721384e+00  -1.4628363e+00
  -5.1483285e+00  -1.5176995e+00
  -5.3767632e+00  -1.7247309e+00
  -5.3900242e+00  -1.7388084e+00
  -5.5874293e+00  -1.9866255e+00
  -5.6317198e+00  -2.0557578e+00
  -5.7416806e+00  -2.2485201e+00
  -5.8536640e+00  -2.5104147e+00
  -5.8734155e+00  -2.5762244e+00
   7.0001677e-01   2.5500000e+02
  -6.3568067e+00  -2.6447001e+00
  -6.3866799e+00  -2.7723093e+00
  -6.4226111e+00  -3.0342039e+00
  -6.4331841e+00  -3.2960985e+00
  -6.4181378e+00  -3.5579931e+00
  -6.3756530e+00  -3.8198877e+00
  -6.3568067e+00  -3.8894784e+00
  -6.3049649e+00  -4.0817822e+00
  -6.2002822e+00  -4.3436768e+00
  -6.1151111e+00  -4.4993731e+00
  -6.0535859e+00  -4.6055714e+00
  -5.8734155e+00  -4.8441250e+00
  -5.8539025e+00  -4.8674660e+00
  -5.6317198e+00  -5.0854694e+00
  -5.5798329e+00  -5.1293606e+00
  -5.3900242e+00  -5.2691486e+00
  -5.1879573e+00  -5.3912552e+00
  -5.1483285e+00  -5.4133583e+00
  -4.9066329e+00  -5.5306938e+00
  -4.6649372e+00  -5.6267632e+00
  -4.5905411e+00  -5.6531498e+00
  -4.4232416e+00  -5.7126087e+00
  -4.1815459e+00  -5.7915193e+00
  -3.9398503e+00  -5.8680145e+00
  -3.7988770e+00  -5.9150444e+00
  -3.6981546e+00  -5.9512904e+00
  -3.4564590e+00  -6.0470908e+00
  -3.2147633e+00  -6.1541496e+00
  -3.1690424e+00  -6.1769390e+00
  -2.9730677e+00  -6.2858977e+00
  -2.7313721e+00  -6.4317016e+00
  -2.7202831e+00  -6.4388336e+00
  -2.4896764e+00  -6.6058327e+00
  -2.3609304e+00  -6.7007282e+00
  -2.2479808e+00  -6.7947186e+00
  -2.0414386e+00  -6.9626228e+00
  -2.0062851e+00  -6.9942371e+00
  -1.7645895e+00  -7.1987972e+00
  -1.7314747e+00  -7.2245174e+00
  -1.5228938e+00  -7.3944686e+00
  -1.3926896e+00  -7.4864119e+00
  -1.2811982e+00  -7.5659888e+00
  -1.0395025e+00  -7.7085555e+00
  -9.5507355e-01  -7.7483065e+00
  -7.9780688e-01  -7.8215997e+00
  -5.5611123e-01  -7.9052491e+00
  -3.1441559e-01  -7.9618791e+00
  -7.2719941e-02  -7.9946499e+00
   1.6897571e-01  -8.0063397e+00
   4.1067135e-01  -7.9995851e+00
   6.5236700e-01  -7.9770195e+00
   8.9406264e-01  -7.9413118e+00
   1.1357583e+00  -7.8951067e+00
   1.3774539e+00  -7.8408717e+00
   1.6191496e+00  -7.7806668e+00
   1.7417349e+00  -7.7483065e+00
   1.8608452e+00  -7.7172363e+00
   2.1025409e+00  -7.6519563e+00
   2.3442365e+00  -7.5830331e+00
   2.5859322e+00  -7.5085975e+00
   2.6525587e+00  -7.4864119e+00
   2.8276278e+00  -7.4287816e+00
   3.0693235e+00  -7.3391289e+00
   3.3110191e+00  -7.2341564e+00
   3.3305588e+00  -7.2245174e+00
   3.5527148e+00  -7.1145964e+00
   3.7944104e+00  -6.9719442e+00
   3.8083414e+00  -6.9626228e+00
   4.0361060e+00  -6.8078134e+00
   4.1725801e+00  -6.7007282e+00
   4.2778017e+00  -6.6162319e+00
   4.4746712e+00  -6.4388336e+00
   4.5194973e+00  -6.3973309e+00
   4.7373900e+00  -6.1769390e+00
   4.7611930e+00  -6.1521851e+00
   4.9749291e+00  -5.9150444e+00
   5.0028886e+00  -5.8831986e+00
   5.1959512e+00  -5.6531498e+00
   5.2445843e+00  -5.5937841e+00
   5.4055725e+00  -5.3912552e+00
   5.4862799e+00  -5.2873729e+00
   5.6066335e+00  -5.1293606e+00
   5.7279756e+00  -4.9663229e+00
   5.8005494e+00  -4.8674660e+00
   5.9696712e+00  -4.6313195e+00
   5.9879115e+00  -4.6055714e+00
   6.1704222e+00  -4.3436768e+00
   6.2113669e+00  -4.2838755e+00
   6.3478428e+00  -4.0817822e+00
   6.4530625e+00  -3.9221979e+00
   6.5196173e+00  -3.8198877e+00
   6.6859725e+00  -3.5579931e+00
   6.6947582e+00  -3.5440975e+00
   6.8491530e+00  -3.2960985e+00
   6.9364538e+00  -3.1519571e+00
   7.0069807e+00  -3.0342039e+00
   7.1590152e+00  -2.7723093e+00
   7.1781494e+00  -2.7385886e+00
   7.3067608e+00  -2.5104147e+00
   7.4198451e+00  -2.2977578e+00
   7.4461477e+00  -2.2485201e+00
   7.5785560e+00  -1.9866255e+00
   7.6615407e+00  -1.8074796e+00
   7.7005636e+00  -1.7247309e+00
   7.8125719e+00  -1.4628363e+00
   7.9032364e+00  -1.2203970e+00
   7.9107732e+00  -1.2009417e+00
   7.9986128e+00  -9.3904715e-01
   8.0707019e+00  -6.7715256e-01
   8.1273557e+00  -4.1525796e-01
   8.1449320e+00  -3.0422491e-01
   8.1701746e+00  -1.5336337e-01
   8.1978578e+00   1.0853122e-01
   8.2096828e+00   3.7042581e-01
   8.2060249e+00   6.3232040e-01
   8.1872378e+00   8.9421499e-01
   8.1536099e+00   1.1561096e+00
   8.1449320e+00   1.2035626e+00
   8.1076686e+00   1.4180042e+00
   8.0487609e+00   1.6798988e+00
   7.9761941e+00   1.9417934e+00
   7.9032364e+00   2.1622096e+00
   7.8900110e+00   2.2036880e+00
   7.7938245e+00   2.4655825e+00
   7.6824037e+00   2.7274771e+00
   7.6615407e+00   2.7711729e+00
   7.5593078e+00   2.9893717e+00
   7.4198451e+00   3.2506653e+00
   7.4195242e+00   3.2512663e+00
   7.2662370e+00   3.5131609e+00
   7.1781494e+00   3.6485053e+00
   7.0939522e+00   3.7750555e+00
   6.9364538e+00   3.9913785e+00
   6.9019042e+00   4.0369501e+00
   6.6947582e+00   4.2910306e+00
   6.6880119e+00   4.2988447e+00
   6.4530625e+00   4.5565878e+00
   6.4489957e+00   4.5607393e+00
   6.2113669e+00   4.7947856e+00
   6.1806062e+00   4.8226339e+00
   5.9696712e+00   5.0102303e+00
   5.8778703e+00   5.0845285e+00
   5.7279756e+00   5.2057141e+00
   5.5351413e+00   5.3464231e+00
   5.4862799e+00   5.3825638e+00
   5.2445843e+00   5.5447929e+00
   5.1390358e+00   5.6083176e+00
   5.0028886e+00   5.6924996e+00
   4.7611930e+00   5.8252415e+00
   4.6688243e+00   5.8702122e+00
   4.5194973e+00   5.9454409e+00
   4.2778017e+00   6.0512453e+00
   4.0619471e+00   6.1321068e+00
   4.0361060e+00   6.1421537e+00
   3.7944104e+00   6.2204617e+00
   3.5527148e+00   6.2827206e+00
   3.3110191e+00   6.3291024e+00
   3.0693235e+00   6.3593456e+00
   2.8276278e+00   6.3728579e+00
   2.5859322e+00   6.3687835e+00
   2.3442365e+00   6.3460331e+00
   2.1025409e+00   6.3032711e+00
   1.8608452e+00   6.2388572e+00
   1.6191496e+00   6.1507407e+00
   1.5782425e+00   6.1321068e+00
   1.3774539e+00   6.0346015e+00
   1.1357583e+00   5.8877788e+00
   1.1110510e+00   5.8702122e+00
   8.9406264e-01   5.6992420e+00
   7.9512442e-01   5.6083176e+00
   6.5236700e-01   5.4578480e+00
   5.5860401e-01   5.3464231e+00
   4.1067135e-01   5.1365546e+00
   3.7715917e-01   5.0845285e+00
   2.3895369e-01   4.8226339e+00
   1.6897571e-01   4.6495085e+00
   1.3497096e-01   4.5607393e+00
   6.1079070e-02   4.2988447e+00
   1.3559057e-02   4.0369501e+00
  -1.0076150e-02   3.7750555e+00
  -1.1876046e-02   3.5131609e+00
   6.4867762e-03   3.2512663e+00
   4.3755943e-02   2.9893717e+00
   9.9217209e-02   2.7274771e+00
   1.6897571e-01   2.4794631e+00
   1.7274288e-01   2.4655825e+00
   2.6121590e-01   2.2036880e+00
   3.6807492e-01   1.9417934e+00
   4.1067135e-01   1.8531017e+00
   4.9164044e-01   1.6798988e+00
   6.3404669e-01   1.4180042e+00
   6.5236700e-01   1.3881566e+00
   7.9186919e-01   1.1561096e+00
   8.9406264e-01   1.0034223e+00
   9.6543939e-01   8.9421499e-01
   1.1357583e+00   6.5022377e-01
   1.1477984e+00   6.3232040e-01
   1.3243107e+00   3.7042581e-01
   1.3774539e+00   2.8730785e-01
   1.4834357e+00   1.0853122e-01
   1.6152104e+00  -1.5336337e-01
   1.6191496e+00  -1.6418289e-01
   1.7015950e+00  -4.1525796e-01
   1.7428013e+00  -6.7715256e-01
   1.7300752e+00  -9.3904715e-01
   1.6531615e+00  -1.2009417e+00
   1.6191496e+00  -1.2612619e+00
   1.4791971e+00  -1.4628363e+00
   1.3774539e+00  -1.5589576e+00
   1.1414912e+00  -1.7247309e+00
   1.1357583e+00  -1.7278239e+00
   8.9406264e-01  -1.8221123e+00
   6.5236700e-01  -1.8813547e+00
   4.1067135e-01  -1.9120564e+00
   1.6897571e-01  -1.9190388e+00
  -7.2719941e-02  -1.9057308e+00
  -3.1441559e-01  -1.8744298e+00
  -5.5611123e-01  -1.8266252e+00
  -7.9780688e-01  -1.7633698e+00
  -9.1802694e-01  -1.7247309e+00
  -1.0395025e+00  -1.6819253e+00
  -1.2811982e+00  -1.5848795e+00
  -1.5228938e+00  -1.4793551e+00
  -1.5584696e+00  -1.4628363e+00
  -1.7645895e+00  -1.3606228e+00
  -2.0062851e+00  -1.2421060e+00
  -2.0922006e+00  -1.2009417e+00
  -2.2479808e+00  -1.1216836e+00
  -2.4896764e+00  -1.0079645e+00
  -2.6524340e+00  -9.3904715e-01
  -2.7313721e+00  -9.0337655e-01
  -2.9730677e+00  -8.0864930e-01
  -3.2147633e+00  -7.3215017e-01
  -3.4462097e+00  -6.7715256e-01
  -3.4564590e+00  -6.7453651e-01
  -3.6981546e+00  -6.3448651e-01
  -3.9398503e+00  -6.1827893e-01
  -4.1815459e+00  -6.2694814e-01
  -4.4232416e+00  -6.6207421e-01
  -4.4817591e+00  -6.7715256e-01
  -4.6649372e+00  -7.2329741e-01
  -4.9066329e+00  -8.1423047e-01
  -5.1460537e+00  -9.3904715e-01
  -5.1483285e+00  -9.4028040e-01
  -5.3900242e+00  -1.1036025e+00
  -5.5065180e+00  -1.2009417e+00
  -5.6317198e+00  -1.3164521e+00
  -5.7673593e+00  -1.4628363e+00
  -5.8734155e+00  -1.5954955e+00
  -5.9662046e+00  -1.7247309e+00
  -6.1151111e+00  -1.9785014e+00
  -6.1195934e+00  -1.9866255e+00
  -6.2384793e+00  -2.2485201e+00
  -6.3257225e+00  -2.5104147e+00
  -6.3568067e+00  -2.6447001e+00
   8.0001793e-01   2.7500000e+02
  -6.8401980e+00  -2.5044318e+00
  -6.8418880e+00  -2.5104147e+00
  -6.8954437e+00  -2.7723093e+00
  -6.9269195e+00  -3.0342039e+00
  -6.9375485e+00  -3.2960985e+00
  -6.9272866e+00  -3.5579931e+00
  -6.8947708e+00  -3.8198877e+00
  -6.8401980e+00  -4.0684438e+00
  -6.8374333e+00  -4.0817822e+00
  -6.7589624e+00  -4.3436768e+00
  -6.6468687e+00  -4.6055714e+00
  -6.5985024e+00  -4.6935784e+00
  -6.4995503e+00  -4.8674660e+00
  -6.3568067e+00  -5.0632102e+00
  -6.3042328e+00  -5.1293606e+00
  -6.1151111e+00  -5.3277826e+00
  -6.0454730e+00  -5.3912552e+00
  -5.8734155e+00  -5.5302591e+00
  -5.6875858e+00  -5.6531498e+00
  -5.6317198e+00  -5.6879161e+00
  -5.3900242e+00  -5.8162994e+00
  -5.1516320e+00  -5.9150444e+00
  -5.1483285e+00  -5.9164350e+00
  -4.9066329e+00  -6.0069810e+00
  -4.6649372e+00  -6.0825628e+00
  -4.4232416e+00  -6.1497420e+00
  -4.3250078e+00  -6.1769390e+00
  -4.1815459e+00  -6.2216007e+00
  -3.9398503e+00  -6.3015040e+00
  -3.6981546e+00  -6.3891523e+00
  -3.5790192e+00  -6.4388336e+00
  -3.4564590e+00  -6.4991713e+00
  -3.2147633e+00  -6.6336850e+00
  -3.1063211e+00  -6.7007282e+00
  -2.9730677e+00  -6.7982659e+00
  -2.7605708e+00  -6.9626228e+00
  -2.7313721e+00  -6.9889495e+00
  -2.4896764e+00  -7.2113848e+00
  -2.4753409e+00  -7.2245174e+00
  -2.2479808e+00  -7.4528568e+00
  -2.2126784e+00  -7.4864119e+00
  -2.0062851e+00  -7.6903258e+00
  -1.9413294e+00  -7.7483065e+00
  -1.7645895e+00  -7.9054036e+00
  -1.6271331e+00  -8.0102011e+00
  -1.5228938e+00  -8.0879140e+00
  -1.2811982e+00  -8.2367924e+00
  -1.2103024e+00  -8.2720957e+00
  -1.0395025e+00  -8.3567467e+00
  -7.9780688e-01  -8.4479825e+00
  -5.5611123e-01  -8.5133126e+00
  -4.4301397e-01  -8.5339903e+00
  -3.1441559e-01  -8.5587719e+00
  -7.2719941e-02  -8.5856837e+00
   1.6897571e-01  -8.5950673e+00
   4.1067135e-01  -8.5892930e+00
   6.5236700e-01  -8.5704725e+00
   8.9406264e-01  -8.5406071e+00
   9.3627248e-01  -8.5339903e+00
   1.1357583e+00  -8.5046692e+00
   1.3774539e+00  -8.4631036e+00
   1.6191496e+00  -8.4169079e+00
   1.8608452e+00  -8.3672351e+00
   2.1025409e+00  -8.3145573e+00
   2.2874547e+00  -8.2720957e+00
   2.3442365e+00  -8.2596546e+00
   2.5859322e+00  -8.2041798e+00
   2.8276278e+00  -8.1420542e+00
   3.0693235e+00  -8.0699582e+00
   3.2397626e+00  -8.0102011e+00
   3.3110191e+00  -7.9859473e+00
   3.5527148e+00  -7.8895503e+00
   3.7944104e+00  -7.7708258e+00
   3.8338486e+00  -7.7483065e+00
   4.0361060e+00  -7.6334671e+00
   4.2505865e+00  -7.4864119e+00
   4.2778017e+00  -7.4676465e+00
   4.5194973e+00  -7.2774233e+00
   4.5788019e+00  -7.2245174e+00
   4.7611930e+00  -7.0589710e+00
   4.8570479e+00  -6.9626228e+00
   5.0028886e+00  -6.8129095e+00
   5.1044856e+00  -6.7007282e+00
   5.2445843e+00  -6.5424880e+00
   5.3320935e+00  -6.4388336e+00
   5.4862799e+00  -6.2518703e+00
   5.5464357e+00  -6.1769390e+00
   5.7279756e+00  -5.9450892e+00
   5.7512306e+00  -5.9150444e+00
   5.9498142e+00  -5.6531498e+00
   5.9696712e+00  -5.6264099e+00
   6.1437423e+00  -5.3912552e+00
   6.2113669e+00  -5.2966399e+00
   6.3309677e+00  -5.1293606e+00
   6.4530625e+00  -4.9512763e+00
   6.5105980e+00  -4.8674660e+00
   6.6827702e+00  -4.6055714e+00
   6.6947582e+00  -4.5869769e+00
   6.8513393e+00  -4.3436768e+00
   6.9364538e+00  -4.2048963e+00
   7.0120026e+00  -4.0817822e+00
   7.1657796e+00  -3.8198877e+00
   7.1781494e+00  -3.7986661e+00
   7.3189142e+00  -3.5579931e+00
   7.4198451e+00  -3.3773238e+00
   7.4657732e+00  -3.2960985e+00
   7.6104679e+00  -3.0342039e+00
   7.6615407e+00  -2.9390229e+00
   7.7529996e+00  -2.7723093e+00
   7.8888653e+00  -2.5104147e+00
   7.9032364e+00  -2.4818525e+00
   8.0248804e+00  -2.2485201e+00
   8.1449320e+00  -1.9960877e+00
   8.1496687e+00  -1.9866255e+00
   8.2732002e+00  -1.7247309e+00
   8.3816627e+00  -1.4628363e+00
   8.3866277e+00  -1.4495124e+00
   8.4858835e+00  -1.2009417e+00
   8.5740264e+00  -9.3904715e-01
   8.6283233e+00  -7.4379779e-01
   8.6485318e+00  -6.7715256e-01
   8.7119509e+00  -4.1525796e-01
   8.7582517e+00  -1.5336337e-01
   8.7880366e+00   1.0853122e-01
   8.8017213e+00   3.7042581e-01
   8.7996124e+00   6.3232040e-01
   8.7819463e+00   8.9421499e-01
   8.7488739e+00   1.1561096e+00
   8.7003855e+00   1.4180042e+00
   8.6361803e+00   1.6798988e+00
   8.6283233e+00   1.7061992e+00
   8.5635001e+00   1.9417934e+00
   8.4769151e+00   2.2036880e+00
   8.3866277e+00   2.4349560e+00
   8.3754500e+00   2.4655825e+00
   8.2679746e+00   2.7274771e+00
   8.1449320e+00   2.9855238e+00
   8.1431866e+00   2.9893717e+00
   8.0131646e+00   3.2512663e+00
   7.9032364e+00   3.4459000e+00
   7.8663265e+00   3.5131609e+00
   7.7085515e+00   3.7750555e+00
   7.6615407e+00   3.8466310e+00
   7.5372247e+00   4.0369501e+00
   7.4198451e+00   4.2011472e+00
   7.3490523e+00   4.2988447e+00
   7.1781494e+00   4.5180892e+00
   7.1438295e+00   4.5607393e+00
   6.9364538e+00   4.8047148e+00
   6.9204646e+00   4.8226339e+00
   6.6947582e+00   5.0666077e+00
   6.6770928e+00   5.0845285e+00
   6.4530625e+00   5.3077638e+00
   6.4111893e+00   5.3464231e+00
   6.2113669e+00   5.5307308e+00
   6.1195718e+00   5.6083176e+00
   5.9696712e+00   5.7367939e+00
   5.7981027e+00   5.8702122e+00
   5.7279756e+00   5.9261930e+00
   5.4862799e+00   6.1016934e+00
   5.4402769e+00   6.1321068e+00
   5.2445843e+00   6.2665777e+00
   5.0340521e+00   6.3940014e+00
   5.0028886e+00   6.4137284e+00
   4.7611930e+00   6.5519416e+00
   4.5506570e+00   6.6558960e+00
   4.5194973e+00   6.6720881e+00
   4.2778017e+00   6.7828360e+00
   4.0361060e+00   6.8756915e+00
   3.9050168e+00   6.9177906e+00
   3.7944104e+00   6.9554766e+00
   3.5527148e+00   7.0219818e+00
   3.3110191e+00   7.0724283e+00
   3.0693235e+00   7.1075270e+00
   2.8276278e+00   7.1275946e+00
   2.5859322e+00   7.1326133e+00
   2.3442365e+00   7.1222582e+00
   2.1025409e+00   7.0958925e+00
   1.8608452e+00   7.0525325e+00
   1.6191496e+00   6.9907808e+00
   1.4031004e+00   6.9177906e+00
   1.3774539e+00   6.9091523e+00
   1.1357583e+00   6.8092117e+00
   8.9406264e-01   6.6844222e+00
   8.4655764e-01   6.6558960e+00
   6.5236700e-01   6.5342121e+00
   4.6322235e-01   6.3940014e+00
   4.1067135e-01   6.3521182e+00
   1.6907365e-01   6.1321068e+00
   1.6897571e-01   6.1320079e+00
  -6.4955672e-02   5.8702122e+00
  -7.2719941e-02   5.8602360e+00
  -2.5487749e-01   5.6083176e+00
  -3.1441559e-01   5.5100188e+00
  -4.0903467e-01   5.3464231e+00
  -5.3168457e-01   5.0845285e+00
  -5.5611123e-01   5.0192877e+00
  -6.2907673e-01   4.8226339e+00
  -7.0179599e-01   4.5607393e+00
  -7.5163159e-01   4.2988447e+00
  -7.8068382e-01   4.0369501e+00
  -7.9049610e-01   3.7750555e+00
  -7.8217936e-01   3.5131609e+00
  -7.5646452e-01   3.2512663e+00
  -7.1367510e-01   2.9893717e+00
  -6.5360809e-01   2.7274771e+00
  -5.7530513e-01   2.4655825e+00
  -5.5611123e-01   2.4127583e+00
  -4.8417020e-01   2.2036880e+00
  -3.7539437e-01   1.9417934e+00
  -3.1441559e-01   1.8168566e+00
  -2.5054515e-01   1.6798988e+00
  -1.0821125e-01   1.4180042e+00
  -7.2719941e-02   1.3602354e+00
   4.8522842e-02   1.1561096e+00
   1.6897571e-01   9.7780924e-01
   2.2396772e-01   8.9421499e-01
   4.1067135e-01   6.3648069e-01
   4.1361008e-01   6.3232040e-01
   6.0414830e-01   3.7042581e-01
   6.5236700e-01   3.0368344e-01
   7.8673367e-01   1.0853122e-01
   8.9406264e-01  -6.5059205e-02
   9.4451508e-01  -1.5336337e-01
   1.0517982e+00  -4.1525796e-01
   1.0954116e+00  -6.7715256e-01
   1.0427153e+00  -9.3904715e-01
   8.9406264e-01  -1.1506724e+00
   8.4192634e-01  -1.2009417e+00
   6.5236700e-01  -1.3047124e+00
   4.1067135e-01  -1.3814356e+00
   1.6897571e-01  -1.4132315e+00
  -7.2719941e-02  -1.4097427e+00
  -3.1441559e-01  -1.3782736e+00
  -5.5611123e-01  -1.3244590e+00
  -7.9780688e-01  -1.2529243e+00
  -9.4308878e-01  -1.2009417e+00
  -1.0395025e+00  -1.1606028e+00
  -1.2811982e+00  -1.0493993e+00
  -1.5168405e+00  -9.3904715e-01
  -1.5228938e+00  -9.3581570e-01
  -1.7645895e+00  -8.0409051e-01
  -2.0062851e+00  -6.8220936e-01
  -2.0166161e+00  -6.7715256e-01
  -2.2479808e+00  -5.5195202e-01
  -2.4896764e+00  -4.3802732e-01
  -2.5435430e+00  -4.1525796e-01
  -2.7313721e+00  -3.2774621e-01
  -2.9730677e+00  -2.3521797e-01
  -3.2147633e+00  -1.6330365e-01
  -3.2594581e+00  -1.5336337e-01
  -3.4564590e+00  -1.0471199e-01
  -3.6981546e+00  -6.7763129e-02
  -3.9398503e+00  -5.3283650e-02
  -4.1815459e+00  -6.1204149e-02
  -4.4232416e+00  -9.2269850e-02
  -4.6649372e+00  -1.4820656e-01
  -4.6805377e+00  -1.5336337e-01
  -4.9066329e+00  -2.2304419e-01
  -5.1483285e+00  -3.2583855e-01
  -5.3106470e+00  -4.1525796e-01
  -5.3900242e+00  -4.5864706e-01
  -5.6317198e+00  -6.2169694e-01
  -5.7009263e+00  -6.7715256e-01
  -5.8734155e+00  -8.2297700e-01
  -5.9914601e+00  -9.3904715e-01
  -6.1151111e+00  -1.0733538e+00
  -6.2209584e+00  -1.2009417e+00
  -6.3568067e+00  -1.3907171e+00
  -6.4054547e+00  -1.4628363e+00
  -6.5550838e+00  -1.7247309e+00
  -6.5985024e+00  -1.8180349e+00
  -6.6768793e+00  -1.9866255e+00
  -6.7719835e+00  -2.2485201e+00
  -6.8401980e+00  -2.5044318e+00
   8.9998278e-01   2.9700000e+02
  -7.5652850e+00  -2.6881889e+00
  -7.5803414e+00  -2.7723093e+00
  -7.6100328e+00  -3.0342039e+00
  -7.6224162e+00  -3.2960985e+00
  -7.6177439e+00  -3.5579931e+00
  -7.5951831e+00  -3.8198877e+00
  -7.5652850e+00  -4.0068886e+00
  -7.5548790e+00  -4.0817822e+00
  -7.5002452e+00  -4.3436768e+00
  -7.4215349e+00  -4.6055714e+00
  -7.3235893e+00  -4.8425286e+00
  -7.3137292e+00  -4.8674660e+00
  -7.1850517e+00  -5.1293606e+00
  -7.0818937e+00  -5.2923358e+00
  -7.0170805e+00  -5.3912552e+00
  -6.8401980e+00  -5.6127903e+00
  -6.8048895e+00  -5.6531498e+00
  -6.5985024e+00  -5.8592492e+00
  -6.5334485e+00  -5.9150444e+00
  -6.3568067e+00  -6.0556670e+00
  -6.1674254e+00  -6.1769390e+00
  -6.1151111e+00  -6.2099609e+00
  -5.8734155e+00  -6.3393823e+00
  -5.6317198e+00  -6.4367454e+00
  -5.6255984e+00  -6.4388336e+00
  -5.3900242e+00  -6.5266253e+00
  -5.1483285e+00  -6.5978509e+00
  -4.9066329e+00  -6.6567224e+00
  -4.7070935e+00  -6.7007282e+00
  -4.6649372e+00  -6.7119263e+00
  -4.4232416e+00  -6.7799547e+00
  -4.1815459e+00  -6.8545840e+00
  -3.9398503e+00  -6.9410153e+00
  -3.8906848e+00  -6.9626228e+00
  -3.6981546e+00  -7.0689435e+00
  -3.4564590e+00  -7.2217224e+00
  -3.4526768e+00  -7.2245174e+00
  -3.2147633e+00  -7.4354306e+00
  -3.1612896e+00  -7.4864119e+00
  -2.9730677e+00  -7.6878010e+00
  -2.9180092e+00  -7.7483065e+00
  -2.7313721e+00  -7.9610581e+00
  -2.6872585e+00  -8.0102011e+00
  -2.4896764e+00  -8.2253752e+00
  -2.4434361e+00  -8.2720957e+00
  -2.2479808e+00  -8.4606343e+00
  -2.1614388e+00  -8.5339903e+00
  -2.0062851e+00  -8.6606371e+00
  -1.8066494e+00  -8.7958849e+00
  -1.7645895e+00  -8.8241688e+00
  -1.5228938e+00  -8.9631889e+00
  -1.3090557e+00  -9.0577795e+00
  -1.2811982e+00  -9.0707607e+00
  -1.0395025e+00  -9.1635441e+00
  -7.9780688e-01  -9.2321794e+00
  -5.5611123e-01  -9.2813655e+00
  -3.1441559e-01  -9.3145838e+00
  -2.5339937e-01  -9.3196741e+00
  -7.2719941e-02  -9.3374594e+00
   1.6897571e-01  -9.3479150e+00
   4.1067135e-01  -9.3470775e+00
   6.5236700e-01  -9.3368786e+00
   8.8728658e-01  -9.3196741e+00
   8.9406264e-01  -9.3192483e+00
   1.1357583e+00  -9.2996802e+00
   1.3774539e+00  -9.2766846e+00
   1.6191496e+00  -9.2514095e+00
   1.8608452e+00  -9.2245823e+00
   2.1025409e+00  -9.1962974e+00
   2.3442365e+00  -9.1658530e+00
   2.5859322e+00  -9.1316935e+00
   2.8276278e+00  -9.0914595e+00
   2.9949506e+00  -9.0577795e+00
   3.0693235e+00  -9.0441059e+00
   3.3110191e+00  -8.9897913e+00
   3.5527148e+00  -8.9204464e+00
   3.7944104e+00  -8.8317854e+00
   3.8751986e+00  -8.7958849e+00
   4.0361060e+00  -8.7273396e+00
   4.2778017e+00  -8.5997861e+00
   4.3820941e+00  -8.5339903e+00
   4.5194973e+00  -8.4482237e+00
   4.7537607e+00  -8.2720957e+00
   4.7611930e+00  -8.2664727e+00
   5.0028886e+00  -8.0603225e+00
   5.0550862e+00  -8.0102011e+00
   5.2445843e+00  -7.8235175e+00
   5.3145571e+00  -7.7483065e+00
   5.4862799e+00  -7.5580717e+00
   5.5474528e+00  -7.4864119e+00
   5.7279756e+00  -7.2684687e+00
   5.7633481e+00  -7.2245174e+00
   5.9685027e+00  -6.9626228e+00
   5.9696712e+00  -6.9611214e+00
   6.1715215e+00  -6.7007282e+00
   6.2113669e+00  -6.6479843e+00
   6.3708407e+00  -6.4388336e+00
   6.4530625e+00  -6.3276596e+00
   6.5663864e+00  -6.1769390e+00
   6.6947582e+00  -5.9992105e+00
   6.7567101e+00  -5.9150444e+00
   6.9364538e+00  -5.6572512e+00
   6.9393676e+00  -5.6531498e+00
   7.1197482e+00  -5.3912552e+00
   7.1781494e+00  -5.3000225e+00
   7.2892243e+00  -5.1293606e+00
   7.4198451e+00  -4.9099050e+00
   7.4456380e+00  -4.8674660e+00
   7.5972117e+00  -4.6055714e+00
   7.6615407e+00  -4.4857990e+00
   7.7401310e+00  -4.3436768e+00
   7.8751465e+00  -4.0817822e+00
   7.9032364e+00  -4.0260066e+00
   8.0114540e+00  -3.8198877e+00
   8.1394157e+00  -3.5579931e+00
   8.1449320e+00  -3.5468404e+00
   8.2760005e+00  -3.2960985e+00
   8.3866277e+00  -3.0698699e+00
   8.4053309e+00  -3.0342039e+00
   8.5424186e+00  -2.7723093e+00
   8.6283233e+00  -2.5974452e+00
   8.6746956e+00  -2.5104147e+00
   8.8082743e+00  -2.2485201e+00
   8.8700190e+00  -2.1179990e+00
   8.9381054e+00  -1.9866255e+00
   9.0617132e+00  -1.7247309e+00
   9.1117146e+00  -1.6065757e+00
   9.1790329e+00  -1.4628363e+00
   9.2857270e+00  -1.2009417e+00
   9.3534103e+00  -1.0025059e+00
   9.3776625e+00  -9.3904715e-01
   9.4615203e+00  -6.7715256e-01
   9.5259764e+00  -4.1525796e-01
   9.5726875e+00  -1.5336337e-01
   9.5951059e+00   4.0483004e-02
   9.6042199e+00   1.0853122e-01
   9.6210953e+00   3.7042581e-01
   9.6198865e+00   6.3232040e-01
   9.6008503e+00   8.9421499e-01
   9.5951059e+00   9.3565186e-01
   9.5686268e+00   1.1561096e+00
   9.5217407e+00   1.4180042e+00
   9.4585810e+00   1.6798988e+00
   9.3778907e+00   1.9417934e+00
   9.3534103e+00   2.0090371e+00
   9.2899387e+00   2.2036880e+00
   9.1885304e+00   2.4655825e+00
   9.1117146e+00   2.6361510e+00
   9.0743168e+00   2.7274771e+00
   8.9538380e+00   2.9893717e+00
   8.8700190e+00   3.1494453e+00
   8.8207717e+00   3.2512663e+00
   8.6798907e+00   3.5131609e+00
   8.6283233e+00   3.6005408e+00
   8.5314058e+00   3.7750555e+00
   8.3866277e+00   4.0065859e+00
   8.3684741e+00   4.0369501e+00
   8.2012354e+00   4.2988447e+00
   8.1449320e+00   4.3801338e+00
   8.0226040e+00   4.5607393e+00
   7.9032364e+00   4.7231914e+00
   7.8305187e+00   4.8226339e+00
   7.6615407e+00   5.0391008e+00
   7.6256359e+00   5.0845285e+00
   7.4198451e+00   5.3326168e+00
   7.4080586e+00   5.3464231e+00
   7.1781494e+00   5.6074643e+00
   7.1773642e+00   5.6083176e+00
   6.9364538e+00   5.8663022e+00
   6.9325868e+00   5.8702122e+00
   6.6947582e+00   6.1107310e+00
   6.6720916e+00   6.1321068e+00
   6.4530625e+00   6.3413550e+00
   6.3932584e+00   6.3940014e+00
   6.2113669e+00   6.5578976e+00
   6.0918842e+00   6.6558960e+00
   5.9696712e+00   6.7593417e+00
   5.7612088e+00   6.9177906e+00
   5.7279756e+00   6.9440377e+00
   5.4862799e+00   7.1196280e+00
   5.3931055e+00   7.1796852e+00
   5.2445843e+00   7.2803251e+00
   5.0028886e+00   7.4224048e+00
   4.9665068e+00   7.4415798e+00
   4.7611930e+00   7.5567898e+00
   4.5194973e+00   7.6708792e+00
   4.4397742e+00   7.7034744e+00
   4.2778017e+00   7.7751402e+00
   4.0361060e+00   7.8646049e+00
   3.7944104e+00   7.9369346e+00
   3.6768675e+00   7.9653690e+00
   3.5527148e+00   7.9987804e+00
   3.3110191e+00   8.0492238e+00
   3.0693235e+00   8.0851506e+00
   2.8276278e+00   8.1075292e+00
   2.5859322e+00   8.1169064e+00
   2.3442365e+00   8.1134478e+00
   2.1025409e+00   8.0969508e+00
   1.8608452e+00   8.0668349e+00
   1.6191496e+00   8.0221063e+00
   1.3929694e+00   7.9653690e+00
   1.3774539e+00   7.9617964e+00
   1.1357583e+00   7.8925745e+00
   8.9406264e-01   7.8051460e+00
   6.6696948e-01   7.7034744e+00
   6.5236700e-01   7.6971794e+00
   4.1067135e-01   7.5775459e+00
   1.8513944e-01   7.4415798e+00
   1.6897571e-01   7.4318369e+00
  -7.2719941e-02   7.2685739e+00
  -1.8702427e-01   7.1796852e+00
  -3.1441559e-01   7.0767950e+00
  -4.8961889e-01   6.9177906e+00
  -5.5611123e-01   6.8532503e+00
  -7.4241932e-01   6.6558960e+00
  -7.9780688e-01   6.5911988e+00
  -9.5690078e-01   6.3940014e+00
  -1.0395025e+00   6.2773862e+00
  -1.1391658e+00   6.1321068e+00
  -1.2811982e+00   5.8878893e+00
  -1.2914272e+00   5.8702122e+00
  -1.4241939e+00   5.6083176e+00
  -1.5228938e+00   5.3635105e+00
  -1.5300196e+00   5.3464231e+00
  -1.6215461e+00   5.0845285e+00
  -1.6911909e+00   4.8226339e+00
  -1.7419055e+00   4.5607393e+00
  -1.7645895e+00   4.3874681e+00
  -1.7773941e+00   4.2988447e+00
  -1.7988050e+00   4.0369501e+00
  -1.8044048e+00   3.7750555e+00
  -1.7950590e+00   3.5131609e+00
  -1.7712399e+00   3.2512663e+00
  -1.7645895e+00   3.2041016e+00
  -1.7371984e+00   2.9893717e+00
  -1.6916342e+00   2.7274771e+00
  -1.6331045e+00   2.4655825e+00
  -1.5600968e+00   2.2036880e+00
  -1.5228938e+00   2.0882818e+00
  -1.4781215e+00   1.9417934e+00
  -1.3854208e+00   1.6798988e+00
  -1.2811982e+00   1.4400623e+00
  -1.2719382e+00   1.4180042e+00
  -1.1550306e+00   1.1561096e+00
  -1.0395025e+00   9.4445720e-01
  -1.0125598e+00   8.9421499e-01
  -8.6679160e-01   6.3232040e-01
  -7.9780688e-01   5.1159170e-01
  -7.1695457e-01   3.7042581e-01
  -5.8511336e-01   1.0853122e-01
  -6.1841717e-01  -1.5336337e-01
  -7.9780688e-01  -1.8343167e-01
  -9.4781460e-01  -1.5336337e-01
  -1.0395025e+00  -1.2770579e-01
  -1.2811982e+00  -1.7673107e-02
  -1.5228938e+00   8.5499696e-02
  -1.5720925e+00   1.0853122e-01
  -1.7645895e+00   2.1332252e-01
  -2.0062851e+00   3.2484790e-01
  -2.1146063e+00   3.7042581e-01
  -2.2479808e+00   4.3291094e-01
  -2.4896764e+00   5.2963240e-01
  -2.7313721e+00   6.0457901e-01
  -2.8415923e+00   6.3232040e-01
  -2.9730677e+00   6.6935427e-01
  -3.2147633e+00   7.2029017e-01
  -3.4564590e+00   7.5246103e-01
  -3.6981546e+00   7.6733775e-01
  -3.9398503e+00   7.6543430e-01
  -4.1815459e+00   7.4648171e-01
  -4.4232416e+00   7.0942245e-01
  -4.6649372e+00   6.5229113e-01
  -4.7274968e+00   6.3232040e-01
  -4.9066329e+00   5.8282333e-01
  -5.1483285e+00   4.9440572e-01
  -5.3900242e+00   3.7832210e-01
  -5.4040761e+00   3.7042581e-01
  -5.6317198e+00   2.5085631e-01
  -5.8455742e+00   1.0853122e-01
  -5.8734155e+00   9.0483200e-02
  -6.1151111e+00  -9.0842782e-02
  -6.1871259e+00  -1.5336337e-01
  -6.3568067e+00  -3.0586201e-01
  -6.4647533e+00  -4.1525796e-01
  -6.5985024e+00  -5.6193588e-01
  -6.6956677e+00  -6.7715256e-01
  -6.8401980e+00  -8.7131086e-01
  -6.8888218e+00  -9.3904715e-01
  -7.0519446e+00  -1.2009417e+00
  -7.0818937e+00  -1.2574843e+00
  -7.1930728e+00  -1.4628363e+00
  -7.3051505e+00  -1.7247309e+00
  -7.3235893e+00  -1.7768712e+00
  -7.4039627e+00  -1.9866255e+00
  -7.4812105e+00  -2.2485201e+00
  -7.5380275e+00  -2.5104147e+00
  -7.5652850e+00  -2.6881889e+00
   9.9991133e-01   4.1900000e+02
  -1.1432415e+01  -2.1463948e+00
  -1.1449110e+01  -2.2485201e+00
  -1.1482734e+01  -2.5104147e+00
  -1.1506851e+01  -2.7723093e+00
  -1.1522736e+01  -3.0342039e+00
  -1.1531133e+01  -3.2960985e+00
  -1.1532328e+01  -3.5579931e+00
  -1.1526178e+01  -3.8198877e+00
  -1.1512093e+01  -4.0817822e+00
  -1.1488975e+01  -4.3436768e+00
  -1.1455097e+01  -4.6055714e+00
  -1.1432415e+01  -4.7371278e+00
  -1.1418191e+01  -4.8674660e+00
  -1.1380926e+01  -5.1293606e+00
  -1.1330690e+01  -5.3912552e+00
  -1.1263014e+01  -5.6531498e+00
  -1.1190720e+01  -5.8669942e+00
  -1.1179243e+01  -5.9150444e+00
  -1.1104878e+01  -6.1769390e+00
  -1.1001982e+01  -6.4388336e+00
  -1.0949024e+01  -6.5502523e+00
  -1.0893402e+01  -6.7007282e+00
  -1.0768014e+01  -6.9626228e+00
  -1.0707328e+01  -7.0678491e+00
  -1.0631632e+01  -7.2245174e+00
  -1.0465633e+01  -7.4838880e+00
  -1.0464210e+01  -7.4864119e+00
  -1.0301819e+01  -7.7483065e+00
  -1.0223937e+01  -7.8519047e+00
  -1.0110735e+01  -8.0102011e+00
  -9.9822414e+00  -8.1658963e+00
  -9.8944726e+00  -8.2720957e+00
  -9.7405458e+00  -8.4422552e+00
  -9.6530069e+00  -8.5339903e+00
  -9.4988501e+00  -8.6895941e+00
  -9.3817595e+00  -8.7958849e+00
  -9.2571545e+00  -8.9107474e+00
  -9.0700834e+00  -9.0577795e+00
  -9.0154589e+00  -9.1037407e+00
  -8.7737632e+00  -9.2833039e+00
  -8.7158943e+00  -9.3196741e+00
  -8.5320676e+00  -9.4530725e+00
  -8.2942300e+00  -9.5815687e+00
  -8.2903719e+00  -9.5841055e+00
  -8.0486763e+00  -9.7324677e+00
  -7.8069806e+00  -9.8367069e+00
  -7.7894006e+00  -9.8434633e+00
  -7.5652850e+00  -9.9589801e+00
  -7.3235893e+00  -1.0051632e+01
  -7.1445415e+00  -1.0105358e+01
  -7.0818937e+00  -1.0132353e+01
  -6.8401980e+00  -1.0225444e+01
  -6.5985024e+00  -1.0299987e+01
  -6.3568067e+00  -1.0363347e+01
  -6.3427664e+00  -1.0367252e+01
  -6.1151111e+00  -1.0461925e+01
  -5.8734155e+00  -1.0558610e+01
  -5.7036159e+00  -1.0629147e+01
  -5.6317198e+00  -1.0670649e+01
  -5.3900242e+00  -1.0821852e+01
  -5.2807686e+00  -1.0891042e+01
  -5.1483285e+00  -1.0993058e+01
  -4.9245387e+00  -1.1152936e+01
  -4.9066329e+00  -1.1167701e+01
  -4.6649372e+00  -1.1366415e+01
  -4.5986665e+00  -1.1414831e+01
  -4.4232416e+00  -1.1559029e+01
  -4.2496943e+00  -1.1676725e+01
  -4.1815459e+00  -1.1730026e+01
  -3.9398503e+00  -1.1896198e+01
  -3.8661634e+00  -1.1938620e+01
  -3.6981546e+00  -1.2056311e+01
  -3.4564590e+00  -1.2185163e+01
  -3.4239371e+00  -1.2200515e+01
  -3.2147633e+00  -1.2328612e+01
  -2.9730677e+00  -1.2436950e+01
  -2.9062714e+00  -1.2462409e+01
  -2.7313721e+00  -1.2554646e+01
  -2.4896764e+00  -1.2654129e+01
  -2.2602763e+00  -1.2724304e+01
  -2.2479808e+00  -1.2729832e+01
  -2.0062851e+00  -1.2829375e+01
  -1.7645895e+00  -1.2904873e+01
  -1.5228938e+00  -1.2963230e+01
  -1.4109547e+00  -1.2986198e+01
  -1.2811982e+00  -1.3028474e+01
  -1.0395025e+00  -1.3095859e+01
  -7.9780688e-01  -1.3150687e+01
  -5.5611123e-01  -1.3196316e+01
  -3.1441559e-01  -1.3235179e+01
  -2.2729972e-01  -1.3248093e+01
  -7.2719941e-02  -1.3285762e+01
   1.6897571e-01  -1.3338902e+01
   4.1067135e-01  -1.3385599e+01
   6.5236700e-01  -1.3426833e+01
   8.9406264e-01  -1.3463170e+01
   1.1357583e+00  -1.3494912e+01
   1.2650833e+00  -1.3509988e+01
   1.3774539e+00  -1.3531324e+01
   1.6191496e+00  -1.3571027e+01
   1.8608452e+00  -1.3602997e+01
   2.1025409e+00  -1.3627554e+01
   2.3442365e+00  -1.3644942e+01
   2.5859322e+00  -1.3655288e+01
   2.8276278e+00  -1.3658556e+01
   3.0693235e+00  -1.3654496e+01
   3.3110191e+00  -1.3642576e+01
   3.5527148e+00  -1.3621905e+01
   3.7944104e+00  -1.3591117e+01
   4.0361060e+00  -1.3548227e+01
   4.2012415e+00  -1.3509988e+01
   4.2778017e+00  -1.3498485e+01
   4.5194973e+00  -1.3453409e+01
   4.7611930e+00  -1.3393954e+01
   5.0028886e+00  -1.3315509e+01
   5.1689806e+00  -1.3248093e+01
   5.2445843e+00  -1.3226115e+01
   5.4862799e+00  -1.3142656e+01
   5.7279756e+00  -1.3030139e+01
   5.8092376e+00  -1.2986198e+01
   5.9696712e+00  -1.2918870e+01
   6.2113669e+00  -1.2788613e+01
   6.3121305e+00  -1.2724304e+01
   6.4530625e+00  -1.2650090e+01
   6.6947582e+00  -1.2487328e+01
   6.7284706e+00  -1.2462409e+01
   6.9364538e+00  -1.2327594e+01
   7.0944274e+00  -1.2200515e+01
   7.1781494e+00  -1.2138960e+01
   7.4074948e+00  -1.1938620e+01
   7.4198451e+00  -1.1928350e+01
   7.6615407e+00  -1.1709702e+01
   7.6949662e+00  -1.1676725e+01
   7.9032364e+00  -1.1469500e+01
   7.9546567e+00  -1.1414831e+01
   8.1449320e+00  -1.1203142e+01
   8.1888931e+00  -1.1152936e+01
   8.3866277e+00  -1.0908620e+01
   8.4010270e+00  -1.0891042e+01
   8.6042459e+00  -1.0629147e+01
   8.6283233e+00  -1.0595038e+01
   8.7993541e+00  -1.0367252e+01
   8.8700190e+00  -1.0260140e+01
   8.9816814e+00  -1.0105358e+01
   9.1117146e+00  -9.8996905e+00
   9.1513921e+00  -9.8434633e+00
   9.3251871e+00  -9.5815687e+00
   9.3534103e+00  -9.5368608e+00
   9.5077525e+00  -9.3196741e+00
   9.5951059e+00  -9.1843970e+00
   9.6868586e+00  -9.0577795e+00
   9.8368016e+00  -8.8321133e+00
   9.8635841e+00  -8.7958849e+00
   1.0051604e+01  -8.5339903e+00
   1.0078497e+01  -8.4945522e+00
   1.0244574e+01  -8.2720957e+00
   1.0320193e+01  -8.1587107e+00
   1.0428900e+01  -8.0102011e+00
   1.0561888e+01  -7.8004913e+00
   1.0598669e+01  -7.7483065e+00
   1.0766984e+01  -7.4864119e+00
   1.0803584e+01  -7.4207363e+00
   1.0929357e+01  -7.2245174e+00
   1.1045280e+01  -6.9942321e+00
   1.1064180e+01  -6.9626228e+00
   1.1208226e+01  -6.7007282e+00
   1.1286975e+01  -6.5147084e+00
   1.1327129e+01  -6.4388336e+00
   1.1450467e+01  -6.1769390e+00
   1.1528671e+01  -5.9660802e+00
   1.1553377e+01  -5.9150444e+00
   1.1672907e+01  -5.6531498e+00
   1.1769634e+01  -5.3912552e+00
   1.1770367e+01  -5.3893497e+00
   1.1901815e+01  -5.1293606e+00
   1.2012062e+01  -4.8742455e+00
   1.2015839e+01  -4.8674660e+00
   1.2169797e+01  -4.6055714e+00
   1.2253758e+01  -4.4487597e+00
   1.2321780e+01  -4.3436768e+00
   1.2480244e+01  -4.0817822e+00
   1.2495454e+01  -4.0564855e+00
   1.2658519e+01  -3.8198877e+00
   1.2737149e+01  -3.6890071e+00
   1.2826489e+01  -3.5579931e+00
   1.2977024e+01  -3.2960985e+00
   1.2978845e+01  -3.2927460e+00
   1.3140860e+01  -3.0342039e+00
   1.3220541e+01  -2.8717511e+00
   1.3278332e+01  -2.7723093e+00
   1.3407887e+01  -2.5104147e+00
   1.3462236e+01  -2.3726763e+00
   1.3523450e+01  -2.2485201e+00
   1.3630135e+01  -1.9866255e+00
   1.3703932e+01  -1.7417236e+00
   1.3710731e+01  -1.7247309e+00
   1.3803420e+01  -1.4628363e+00
   1.3872005e+01  -1.2009417e+00
   1.3922713e+01  -9.3904715e-01
   1.3945628e+01  -7.8400590e-01
   1.3969015e+01  -6.7715256e-01
   1.4012646e+01  -4.1525796e-01
   1.4042140e+01  -1.5336337e-01
   1.4059655e+01   1.0853122e-01
   1.4066452e+01   3.7042581e-01
   1.4063055e+01   6.3232040e-01
   1.4049313e+01   8.9421499e-01
   1.4024393e+01   1.1561096e+00
   1.3986707e+01   1.4180042e+00
   1.3945628e+01   1.6253219e+00
   1.3938436e+01   1.6798988e+00
   1.3894954e+01   1.9417934e+00
   1.3836961e+01   2.2036880e+00
   1.3760093e+01   2.4655825e+00
   1.3703932e+01   2.6211373e+00
   1.3675881e+01   2.7274771e+00
   1.3593015e+01   2.9893717e+00
   1.3482814e+01   3.2512663e+00
   1.3462236e+01   3.2954944e+00
   1.3383498e+01   3.5131609e+00
   1.3261100e+01   3.7750555e+00
   1.3220541e+01   3.8525751e+00
   1.3142755e+01   4.0369501e+00
   1.3004383e+01   4.2988447e+00
   1.2978845e+01   4.3439850e+00
   1.2877382e+01   4.5607393e+00
   1.2737149e+01   4.8008591e+00
   1.2726473e+01   4.8226339e+00
   1.2593231e+01   5.0845285e+00
   1.2495454e+01   5.2475634e+00
   1.2445168e+01   5.3464231e+00
   1.2296958e+01   5.6083176e+00
   1.2253758e+01   5.6802739e+00
   1.2156691e+01   5.8702122e+00
   1.2012062e+01   6.1109014e+00
   1.2001154e+01   6.1321068e+00
   1.1865932e+01   6.3940014e+00
   1.1770367e+01   6.5557470e+00
   1.1719684e+01   6.6558960e+00
   1.1575334e+01   6.9177906e+00
   1.1528671e+01   6.9978949e+00
   1.1437761e+01   7.1796852e+00
   1.1286975e+01   7.4363388e+00
   1.1284309e+01   7.4415798e+00
   1.1151485e+01   7.7034744e+00
   1.1045280e+01   7.8817294e+00
   1.1001672e+01   7.9653690e+00
   1.0851772e+01   8.2272636e+00
   1.0803584e+01   8.3049556e+00
   1.0701803e+01   8.4891582e+00
   1.0561888e+01   8.7054545e+00
   1.0535135e+01   8.7510527e+00
   1.0368812e+01   9.0129473e+00
   1.0320193e+01   9.0827854e+00
   1.0195473e+01   9.2748419e+00
   1.0078497e+01   9.4338348e+00
   1.0006282e+01   9.5367365e+00
   9.8368016e+00   9.7541271e+00
   9.8029248e+00   9.7986311e+00
   9.5951059e+00   1.0049717e+01
   9.5861581e+00   1.0060526e+01
   9.3565928e+00   1.0322420e+01
   9.3534103e+00   1.0325927e+01
   9.1117146e+00   1.0583143e+01
   9.1105615e+00   1.0584315e+01
   8.8700190e+00   1.0825670e+01
   8.8479497e+00   1.0846209e+01
   8.6283233e+00   1.1053104e+01
   8.5637577e+00   1.1108104e+01
   8.3866277e+00   1.1264696e+01
   8.2515001e+00   1.1369999e+01
   8.1449320e+00   1.1458370e+01
   7.9032364e+00   1.1630890e+01
   7.9017532e+00   1.1631893e+01
   7.6615407e+00   1.1811365e+01
   7.5280077e+00   1.1893788e+01
   7.4198451e+00   1.1969352e+01
   7.1781494e+00   1.2115576e+01
   7.1026151e+00   1.2155682e+01
   6.9364538e+00   1.2259229e+01
   6.6947582e+00   1.2383513e+01
   6.6195170e+00   1.2417577e+01
   6.4530625e+00   1.2509248e+01
   6.2113669e+00   1.2620014e+01
   6.0555776e+00   1.2679472e+01
   5.9696712e+00   1.2720792e+01
   5.7279756e+00   1.2823919e+01
   5.4862799e+00   1.2906150e+01
   5.3654773e+00   1.2941366e+01
   5.2445843e+00   1.2987878e+01
   5.0028886e+00   1.3068314e+01
   4.7611930e+00   1.3133382e+01
   4.5194973e+00   1.3186135e+01
   4.4280490e+00   1.3203261e+01
   4.2778017e+00   1.3242542e+01
   4.0361060e+00   1.3295514e+01
   3.7944104e+00   1.3338073e+01
   3.5527148e+00   1.3371849e+01
   3.3110191e+00   1.3398083e+01
   3.0693235e+00   1.3417708e+01
   2.8276278e+00   1.3431400e+01
   2.5859322e+00   1.3439621e+01
   2.3442365e+00   1.3442644e+01
   2.1025409e+00   1.3440571e+01
   1.8608452e+00   1.3433337e+01
   1.6191496e+00   1.3420710e+01
   1.3774539e+00   1.3402279e+01
   1.1357583e+00   1.3377431e+01
   8.9406264e-01   1.3345319e+01
   6.5236700e-01   1.3304815e+01
   4.1067135e-01   1.3254449e+01
   2.0848713e-01   1.3203261e+01
   1.6897571e-01   1.3196067e+01
  -7.2719941e-02   1.3145843e+01
  -3.1441559e-01   1.3084129e+01
  -5.5611123e-01   1.3008226e+01
  -7.3509045e-01   1.2941366e+01
  -7.9780688e-01   1.2923536e+01
  -1.0395025e+00   1.2846212e+01
  -1.2811982e+00   1.2749990e+01
  -1.4321988e+00   1.2679472e+01
  -1.5228938e+00   1.2645732e+01
  -1.7645895e+00   1.2543139e+01
  -1.9993395e+00   1.2417577e+01
  -2.0062851e+00   1.2414513e+01
  -2.2479808e+00   1.2300568e+01
  -2.4874398e+00   1.2155682e+01
  -2.4896764e+00   1.2154527e+01
  -2.7313721e+00   1.2022290e+01
  -2.9209426e+00   1.1893788e+01
  -2.9730677e+00   1.1862540e+01
  -3.2147633e+00   1.1701844e+01
  -3.3075779e+00   1.1631893e+01
  -3.4564590e+00   1.1529139e+01
  -3.6542457e+00   1.1369999e+01
  -3.6981546e+00   1.1336848e+01
  -3.9398503e+00   1.1135823e+01
  -3.9710855e+00   1.1108104e+01
  -4.1815459e+00   1.0926611e+01
  -4.2665903e+00   1.0846209e+01
  -4.4232416e+00   1.0698717e+01
  -4.5368185e+00   1.0584315e+01
  -4.6649372e+00   1.0452584e+01
  -4.7861904e+00   1.0322420e+01
  -4.9066329e+00   1.0187125e+01
  -5.0172314e+00   1.0060526e+01
  -5.1483285e+00   9.8995274e+00
  -5.2309279e+00   9.7986311e+00
  -5.3900242e+00   9.5848264e+00
  -5.4268791e+00   9.5367365e+00
  -5.6109385e+00   9.2748419e+00
  -5.6317198e+00   9.2424505e+00
  -5.7890749e+00   9.0129473e+00
  -5.8734155e+00   8.8683241e+00
  -5.9482753e+00   8.7510527e+00
  -6.0924546e+00   8.4891582e+00
  -6.1151111e+00   8.4434162e+00
  -6.2367066e+00   8.2272636e+00
  -6.3542110e+00   7.9653690e+00
  -6.3568067e+00   7.9591126e+00
  -6.4817867e+00   7.7034744e+00
  -6.5820508e+00   7.4415798e+00
  -6.5985024e+00   7.3934118e+00
  -6.6877288e+00   7.1796852e+00
  -6.7769714e+00   6.9177906e+00
  -6.8401980e+00   6.6885085e+00
  -6.8515927e+00   6.6558960e+00
  -6.9343704e+00   6.3940014e+00
  -7.0016259e+00   6.1321068e+00
  -7.0572825e+00   5.8702122e+00
  -7.0818937e+00   5.7409870e+00
  -7.1155576e+00   5.6083176e+00
  -7.1785544e+00   5.3464231e+00
  -7.2404065e+00   5.0845285e+00
  -7.3071432e+00   4.8226339e+00
  -7.3235893e+00   4.7720959e+00
  -7.4110497e+00   4.5607393e+00
  -7.5383455e+00   4.2988447e+00
  -7.5652850e+00   4.2562009e+00
  -7.7209465e+00   4.0369501e+00
  -7.8069806e+00   3.9336769e+00
  -7.9441521e+00   3.7750555e+00
  -8.0486763e+00   3.6701643e+00
  -8.2009479e+00   3.5131609e+00
  -8.2903719e+00   3.4309920e+00
  -8.4735137e+00   3.2512663e+00
  -8.5320676e+00   3.1984791e+00
  -8.7462426e+00   2.9893717e+00
  -8.7737632e+00   2.9638734e+00
  -9.0103860e+00   2.7274771e+00
  -9.0154589e+00   2.7225006e+00
  -9.2571545e+00   2.4736550e+00
  -9.2647156e+00   2.4655825e+00
  -9.4988501e+00   2.2072431e+00
  -9.5020069e+00   2.2036880e+00
  -9.7256856e+00   1.9417934e+00
  -9.7405458e+00   1.9227508e+00
  -9.9353204e+00   1.6798988e+00
  -9.9822414e+00   1.6128730e+00
  -1.0127522e+01   1.4180042e+00
  -1.0223937e+01   1.2633772e+00
  -1.0297898e+01   1.1561096e+00
  -1.0448709e+01   8.9421499e-01
  -1.0465633e+01   8.6094493e-01
  -1.0602182e+01   6.3232040e-01
  -1.0707328e+01   3.9597080e-01
  -1.0721225e+01   3.7042581e-01
  -1.0850764e+01   1.0853122e-01
  -1.0943862e+01  -1.5336337e-01
  -1.0949024e+01  -1.6972859e-01
  -1.1051908e+01  -4.1525796e-01
  -1.1134167e+01  -6.7715256e-01
  -1.1190720e+01  -9.1451214e-01
  -1.1198973e+01  -9.3904715e-01
  -1.1276778e+01  -1.2009417e+00
  -1.1335997e+01  -1.4628363e+00
  -1.1381271e+01  -1.7247309e+00
  -1.1415876e+01  -1.9866255e+00
  -1.1432415e+01  -2.1463948e+00
