1	192	8.4	7.3
1	180	8.0	6.8
1	176	7.4	7.2
2	86 	6.2     4.7
2	84 	6.0     4.6
2	80 	5.8     4.3
2	80 	5.9     4.3
2	76	5.8	4.0
3	178	7.1	7.8
3	172	7.4	7.0
3	166	6.9	7.3
3	172	7.1	7.6
3	154	7.0	7.1
4	164	7.3	7.7
4	152	7.6	7.3
4	156	7.7	7.1
4	156	7.6	7.5
4	168	7.5	7.6
5	162	7.5	7.1
5	162	7.4	7.2
5	160	7.5	7.5
5	156	7.4	7.4
5	140	7.3	7.1
5	170	7.6	7.9
6	342	9.0	9.4
6	356	9.2	9.2
6	362	9.6	9.2
7	204	7.5	9.2
7	140	6.7	7.1
7	160	7.0	7.4
7	158	7.1	7.5
7	210	7.8	8.0
7	164	7.2	7.0
8	190	7.5	8.1
8	142	7.6	7.8
8	150	7.1	7.9
8	160	7.1	7.6
8	154	7.3	7.3
8	158	7.2	7.8
8	144	6.8	7.4
8	154	7.1	7.5
8	180	7.6	8.2
8	154	7.2	7.2
9	194	7.2	10.3
9	200	7.3	10.5
9	186	7.2	9.2
9	216	7.3	10.2
9	196	7.3	9.7
9	174	7.3	10.1
10	132	5.8	8.7
10	130	6.0	8.2
10	116	6.0	7.5
10	118	5.9	8.0
10	120	6.0	8.4
10	116	6.1	8.5
10	116	6.3	7.7
10	116	5.9	8.1
10	152	6.5	8.5
10	118	6.1	8.1
