x	baseline	max	best	meta_1	meta_2	meta_3	meta_4	meta_5	meta_6	meta_7	meta_8	meta_9	meta_10	meta_11	meta_12	meta_13	meta_14	meta_15	meta_16	meta_17	meta_18	meta_19	meta_20	meta_21
-0.200000	0.000000	0.000000	0.000000	0.000000	0.000000	0.000009	0.000000	0.000000	0.000000	0.000000	0.000000	0.000000	0.000000	0.000000	0.000000	0.000000	0.000000	0.000000	0.000000	0.000000	0.000000	0.000000	0.000000	0.000000
-0.196491	0.000000	0.000000	0.000000	0.000000	0.000000	0.000012	0.000000	0.000000	0.000000	0.000000	0.000000	0.000000	0.000000	0.000000	0.000000	0.000000	0.000000	0.000000	0.000000	0.000000	0.000000	0.000000	0.000000	0.000000
-0.192982	0.000000	0.000000	0.000000	0.000000	0.000000	0.000014	0.000000	0.000000	0.000000	0.000000	0.000000	0.000000	0.000000	0.000000	0.000000	0.000000	0.000000	0.000000	0.000000	0.000000	0.000000	0.000000	0.000000	0.000000
-0.189474	0.000000	0.000000	0.000000	0.000000	0.000000	0.000018	0.000000	0.000000	0.000000	0.000000	0.000000	0.000000	0.000000	0.000000	0.000000	0.000000	0.000000	0.000000	0.000000	0.000000	0.000000	0.000000	0.000000	0.000000
-0.185965	0.000000	0.000000	0.000000	0.000000	0.000000	0.000022	0.000000	0.000000	0.000000	0.000000	0.000000	0.000000	0.000000	0.000000	0.000000	0.000000	0.000000	0.000000	0.000000	0.000000	0.000000	0.000000	0.000000	0.000000
-0.182456	0.000000	0.000000	0.000000	0.000000	0.000000	0.000026	0.000000	0.000000	0.000001	0.000000	0.000000	0.000000	0.000000	0.000000	0.000000	0.000000	0.000000	0.000000	0.000000	0.000000	0.000000	0.000000	0.000000	0.000000
-0.178947	0.000000	0.000000	0.000000	0.000000	0.000000	0.000032	0.000000	0.000000	0.000001	0.000000	0.000000	0.000000	0.000000	0.000000	0.000000	0.000000	0.000000	0.000000	0.000000	0.000000	0.000000	0.000000	0.000000	0.000000
-0.175439	0.000000	0.000000	0.000000	0.000000	0.000000	0.000039	0.000000	0.000000	0.000001	0.000000	0.000000	0.000000	0.000000	0.000001	0.000000	0.000000	0.000000	0.000000	0.000000	0.000000	0.000000	0.000000	0.000001	0.000000
-0.171930	0.000000	0.000000	0.000000	0.000000	0.000000	0.000048	0.000000	0.000001	0.000001	0.000000	0.000000	0.000000	0.000000	0.000001	0.000001	0.000000	0.000000	0.000001	0.000000	0.000000	0.000000	0.000000	0.000001	0.000000
-0.168421	0.000000	0.000000	0.000000	0.000000	0.000000	0.000058	0.000000	0.000001	0.000001	0.000000	0.000000	0.000000	0.000000	0.000001	0.000001	0.000000	0.000000	0.000001	0.000000	0.000000	0.000000	0.000000	0.000001	0.000000
-0.164912	0.000000	0.000000	0.000000	0.000000	0.000000	0.000070	0.000000	0.000001	0.000002	0.000001	0.000000	0.000000	0.000000	0.000001	0.000001	0.000000	0.000000	0.000001	0.000000	0.000000	0.000000	0.000000	0.000001	0.000000
-0.161404	0.000000	0.000000	0.000001	0.000000	0.000000	0.000084	0.000000	0.000001	0.000002	0.000001	0.000000	0.000000	0.000000	0.000001	0.000001	0.000000	0.000000	0.000001	0.000000	0.000000	0.000000	0.000000	0.000001	0.000000
-0.157895	0.000000	0.000000	0.000001	0.000000	0.000000	0.000100	0.000000	0.000001	0.000003	0.000001	0.000000	0.000000	0.000000	0.000002	0.000001	0.000000	0.000000	0.000001	0.000000	0.000000	0.000000	0.000000	0.000002	0.000000
-0.154386	0.000000	0.000000	0.000001	0.000000	0.000000	0.000120	0.000000	0.000002	0.000004	0.000001	0.000000	0.000000	0.000000	0.000002	0.000002	0.000000	0.000000	0.000002	0.000000	0.000000	0.000000	0.000000	0.000002	0.000000
-0.150877	0.000000	0.000000	0.000001	0.000000	0.000000	0.000143	0.000000	0.000002	0.000004	0.000002	0.000000	0.000000	0.000000	0.000003	0.000002	0.000000	0.000000	0.000002	0.000000	0.000000	0.000000	0.000000	0.000003	0.000000
-0.147368	0.000000	0.000000	0.000002	0.000000	0.000000	0.000170	0.000000	0.000003	0.000006	0.000002	0.000000	0.000000	0.000000	0.000004	0.000003	0.000000	0.000000	0.000003	0.000000	0.000000	0.000000	0.000000	0.000004	0.000000
-0.143860	0.000000	0.000000	0.000002	0.000000	0.000000	0.000202	0.000000	0.000004	0.000007	0.000003	0.000000	0.000000	0.000000	0.000004	0.000004	0.000000	0.000000	0.000004	0.000000	0.000000	0.000000	0.000000	0.000005	0.000000
-0.140351	0.000000	0.000000	0.000003	0.000000	0.000000	0.000239	0.000000	0.000005	0.000008	0.000003	0.000000	0.000000	0.000000	0.000006	0.000005	0.000000	0.000000	0.000005	0.000000	0.000000	0.000000	0.000000	0.000006	0.000000
-0.136842	0.000000	0.000000	0.000004	0.000000	0.000000	0.000281	0.000000	0.000006	0.000010	0.000004	0.000000	0.000000	0.000000	0.000007	0.000006	0.000000	0.000000	0.000006	0.000000	0.000000	0.000000	0.000000	0.000007	0.000000
-0.133333	0.000000	0.000000	0.000005	0.000000	0.000000	0.000330	0.000000	0.000007	0.000013	0.000005	0.000000	0.000000	0.000000	0.000009	0.000007	0.000000	0.000000	0.000008	0.000000	0.000000	0.000000	0.000000	0.000009	0.000000
-0.129825	0.000000	0.000000	0.000006	0.000000	0.000000	0.000387	0.000000	0.000009	0.000016	0.000007	0.000000	0.000000	0.000000	0.000011	0.000009	0.000000	0.000000	0.000010	0.000000	0.000000	0.000000	0.000000	0.000011	0.000000
-0.126316	0.000000	0.000000	0.000008	0.000000	0.000000	0.000452	0.000000	0.000011	0.000020	0.000008	0.000000	0.000000	0.000000	0.000013	0.000011	0.000000	0.000000	0.000012	0.000000	0.000000	0.000000	0.000000	0.000014	0.000000
-0.122807	0.000000	0.000000	0.000009	0.000000	0.000000	0.000526	0.000000	0.000014	0.000024	0.000011	0.000000	0.000000	0.000000	0.000016	0.000014	0.000000	0.000000	0.000015	0.000000	0.000000	0.000000	0.000000	0.000017	0.000000
-0.119298	0.000000	0.000000	0.000012	0.000000	0.000000	0.000611	0.000000	0.000017	0.000029	0.000013	0.000000	0.000000	0.000000	0.000020	0.000018	0.000000	0.000000	0.000018	0.000000	0.000000	0.000000	0.000000	0.000021	0.000000
-0.115789	0.000000	0.000000	0.000015	0.000000	0.000000	0.000707	0.000000	0.000021	0.000035	0.000016	0.000000	0.000000	0.000000	0.000025	0.000022	0.000000	0.000000	0.000022	0.000000	0.000000	0.000000	0.000000	0.000026	0.000000
-0.112281	0.000000	0.000000	0.000018	0.000000	0.000000	0.000816	0.000000	0.000026	0.000043	0.000020	0.000000	0.000000	0.000000	0.000030	0.000027	0.000000	0.000000	0.000027	0.000000	0.000000	0.000000	0.000000	0.000032	0.000000
-0.108772	0.000000	0.000000	0.000023	0.000000	0.000000	0.000939	0.000000	0.000032	0.000052	0.000025	0.000000	0.000000	0.000000	0.000037	0.000033	0.000000	0.000000	0.000034	0.000000	0.000000	0.000000	0.000000	0.000039	0.000000
-0.105263	0.000000	0.000000	0.000028	0.000000	0.000000	0.001078	0.000000	0.000039	0.000062	0.000031	0.000000	0.000000	0.000000	0.000045	0.000040	0.000000	0.000000	0.000041	0.000000	0.000000	0.000000	0.000000	0.000047	0.000000
-0.101754	0.000000	0.000000	0.000035	0.000000	0.000000	0.001233	0.000000	0.000048	0.000075	0.000038	0.000000	0.000000	0.000000	0.000055	0.000049	0.000000	0.000001	0.000050	0.000000	0.000000	0.000000	0.000000	0.000057	0.000000
-0.098246	0.000000	0.000000	0.000043	0.000000	0.000000	0.001406	0.000000	0.000058	0.000090	0.000047	0.000000	0.000000	0.000000	0.000066	0.000059	0.000000	0.000001	0.000061	0.000000	0.000000	0.000000	0.000000	0.000069	0.000000
-0.094737	0.000000	0.000000	0.000052	0.000000	0.000001	0.001599	0.000000	0.000071	0.000108	0.000057	0.000000	0.000000	0.000000	0.000080	0.000072	0.000000	0.000001	0.000073	0.000000	0.000000	0.000000	0.000000	0.000083	0.000000
-0.091228	0.000000	0.000000	0.000064	0.000000	0.000001	0.001813	0.000000	0.000085	0.000128	0.000069	0.000000	0.000000	0.000000	0.000096	0.000086	0.000000	0.000001	0.000089	0.000000	0.000000	0.000000	0.000000	0.000099	0.000000
-0.087719	0.000000	0.000000	0.000078	0.000000	0.000001	0.002050	0.000001	0.000103	0.000152	0.000084	0.000000	0.000000	0.000000	0.000116	0.000104	0.000000	0.000002	0.000106	0.000000	0.000000	0.000000	0.000000	0.000119	0.000000
-0.084211	0.000000	0.000000	0.000094	0.000000	0.000001	0.002310	0.000001	0.000124	0.000181	0.000102	0.000000	0.000000	0.000000	0.000138	0.000125	0.000000	0.000002	0.000128	0.000000	0.000000	0.000000	0.000000	0.000142	0.000000
-0.080702	0.000000	0.000000	0.000114	0.000000	0.000001	0.002596	0.000001	0.000148	0.000214	0.000123	0.000000	0.000000	0.000000	0.000165	0.000149	0.000000	0.000003	0.000152	0.000000	0.000000	0.000000	0.000000	0.000169	0.000000
-0.077193	0.000000	0.000000	0.000137	0.000000	0.000002	0.002909	0.000001	0.000177	0.000252	0.000147	0.000000	0.000000	0.000000	0.000196	0.000178	0.000000	0.000004	0.000182	0.000000	0.000000	0.000000	0.000000	0.000201	0.000000
-0.073684	0.000000	0.000000	0.000165	0.000001	0.000002	0.003250	0.000002	0.000210	0.000296	0.000176	0.000000	0.000000	0.000000	0.000232	0.000212	0.000000	0.000005	0.000216	0.000000	0.000000	0.000000	0.000000	0.000238	0.000000
-0.070175	0.000000	0.000000	0.000197	0.000001	0.000003	0.003619	0.000002	0.000249	0.000347	0.000210	0.000000	0.000000	0.000000	0.000274	0.000251	0.000000	0.000006	0.000256	0.000000	0.000000	0.000000	0.000000	0.000280	0.000000
-0.066667	0.000000	0.000000	0.000235	0.000001	0.000004	0.004020	0.000003	0.000295	0.000406	0.000250	0.000000	0.000001	0.000000	0.000322	0.000297	0.000000	0.000007	0.000302	0.000000	0.000000	0.000000	0.000000	0.000329	0.000000
-0.063158	0.000000	0.000000	0.000280	0.000001	0.000005	0.004451	0.000004	0.000348	0.000474	0.000297	0.000000	0.000001	0.000001	0.000378	0.000350	0.000000	0.000009	0.000355	0.000000	0.000000	0.000000	0.000000	0.000386	0.000000
-0.059649	0.000000	0.000000	0.000331	0.000002	0.000006	0.004913	0.000005	0.000409	0.000552	0.000351	0.000001	0.000001	0.000001	0.000442	0.000412	0.000000	0.000012	0.000417	0.000000	0.000001	0.000000	0.000001	0.000452	0.000000
-0.056140	0.000000	0.000000	0.000392	0.000002	0.000008	0.005408	0.000006	0.000479	0.000640	0.000414	0.000001	0.000001	0.000001	0.000516	0.000482	0.000001	0.000015	0.000487	0.000000	0.000001	0.000000	0.000001	0.000527	0.000000
-0.052632	0.000000	0.000000	0.000461	0.000003	0.000010	0.005935	0.000008	0.000560	0.000741	0.000486	0.000001	0.000002	0.000001	0.000601	0.000563	0.000001	0.000018	0.000568	0.000000	0.000001	0.000000	0.000001	0.000612	0.000001
-0.049123	0.000000	0.000000	0.000541	0.000003	0.000012	0.006494	0.000010	0.000653	0.000855	0.000569	0.000001	0.000002	0.000002	0.000697	0.000656	0.000001	0.000023	0.000661	0.000000	0.000001	0.000001	0.000001	0.000709	0.000001
-0.045614	0.000000	0.000000	0.000633	0.000004	0.000015	0.007085	0.000013	0.000758	0.000984	0.000664	0.000002	0.000003	0.000002	0.000806	0.000761	0.000001	0.000028	0.000766	0.000000	0.000002	0.000001	0.000002	0.000819	0.000001
-0.042105	0.000000	0.000000	0.000738	0.000006	0.000018	0.007707	0.000017	0.000878	0.001130	0.000773	0.000002	0.000004	0.000003	0.000930	0.000881	0.000002	0.000035	0.000886	0.000001	0.000002	0.000001	0.000002	0.000944	0.000001
-0.038596	0.000000	0.000000	0.000858	0.000007	0.000023	0.008359	0.000021	0.001014	0.001294	0.000896	0.000003	0.000005	0.000003	0.001069	0.001017	0.000002	0.000043	0.001020	0.000001	0.000003	0.000002	0.000003	0.001084	0.000002
-0.035088	0.000000	0.000000	0.000994	0.000009	0.000028	0.009039	0.000026	0.001167	0.001478	0.001036	0.000004	0.000007	0.000004	0.001225	0.001170	0.000003	0.000053	0.001172	0.000001	0.000003	0.000002	0.000004	0.001241	0.000002
-0.031579	0.000000	0.000000	0.001148	0.000011	0.000034	0.009745	0.000032	0.001339	0.001684	0.001194	0.000005	0.000008	0.000006	0.001400	0.001342	0.000004	0.000065	0.001343	0.000001	0.000004	0.000003	0.000005	0.001417	0.000003
-0.028070	0.000000	0.000000	0.001322	0.000014	0.000042	0.010476	0.000040	0.001533	0.001913	0.001372	0.000006	0.000011	0.000007	0.001596	0.001535	0.000005	0.000080	0.001533	0.000002	0.000006	0.000003	0.000006	0.001612	0.000003
-0.024561	0.000000	0.000000	0.001516	0.000018	0.000051	0.011229	0.000050	0.001749	0.002169	0.001572	0.000008	0.000014	0.000009	0.001814	0.001751	0.000006	0.000098	0.001745	0.000002	0.000007	0.000004	0.000008	0.001830	0.000004
-0.021053	0.000000	0.000000	0.001734	0.000022	0.000063	0.012000	0.000062	0.001990	0.002453	0.001794	0.000010	0.000018	0.000012	0.002055	0.001991	0.000008	0.000119	0.001981	0.000003	0.000009	0.000006	0.000010	0.002071	0.000005
-0.017544	0.000000	0.000000	0.001977	0.000028	0.000076	0.012787	0.000076	0.002257	0.002767	0.002042	0.000013	0.000022	0.000015	0.002321	0.002257	0.000010	0.000145	0.002242	0.000004	0.000012	0.000007	0.000012	0.002337	0.000007
-0.014035	0.000000	0.000000	0.002247	0.000035	0.000092	0.013585	0.000094	0.002553	0.003113	0.002316	0.000017	0.000028	0.000019	0.002615	0.002552	0.000013	0.000176	0.002530	0.000005	0.000015	0.000009	0.000016	0.002629	0.000009
-0.010526	0.000000	0.000000	0.002545	0.000043	0.000111	0.014391	0.000115	0.002879	0.003495	0.002619	0.000022	0.000035	0.000024	0.002937	0.002876	0.000016	0.000212	0.002846	0.000006	0.000019	0.000012	0.000020	0.002949	0.000011
-0.007018	0.000000	0.000000	0.002873	0.000053	0.000134	0.015201	0.000140	0.003237	0.003914	0.002953	0.000027	0.000044	0.000030	0.003290	0.003233	0.000020	0.000256	0.003192	0.000008	0.000024	0.000015	0.000025	0.003298	0.000014
-0.003509	0.000000	0.000000	0.003234	0.000066	0.000160	0.016009	0.000170	0.003630	0.004373	0.003319	0.000034	0.000055	0.000038	0.003674	0.003623	0.000026	0.000308	0.003570	0.000010	0.000030	0.000019	0.000031	0.003678	0.000018
-0.000000	0.000000	0.000000	0.003628	0.000081	0.000192	0.016812	0.000207	0.004059	0.004875	0.003718	0.000043	0.000069	0.000048	0.004091	0.004049	0.000032	0.000369	0.003981	0.000013	0.000038	0.000024	0.000039	0.004090	0.000023
0.003509	0.000000	0.000000	0.004057	0.000100	0.000229	0.017604	0.000250	0.004526	0.005422	0.004152	0.000054	0.000086	0.000060	0.004543	0.004512	0.000041	0.000442	0.004427	0.000016	0.000047	0.000030	0.000049	0.004535	0.000028
0.007018	0.000000	0.000000	0.004523	0.000123	0.000272	0.018381	0.000302	0.005032	0.006017	0.004623	0.000068	0.000106	0.000075	0.005031	0.005014	0.000051	0.000527	0.004908	0.000020	0.000058	0.000038	0.000061	0.005014	0.000035
0.010526	0.000000	0.000000	0.005026	0.000150	0.000323	0.019137	0.000363	0.005579	0.006663	0.005132	0.000085	0.000131	0.000093	0.005557	0.005557	0.000063	0.000628	0.005426	0.000026	0.000073	0.000048	0.000075	0.005528	0.000044
0.014035	0.000000	0.000000	0.005568	0.000182	0.000381	0.019867	0.000435	0.006170	0.007362	0.005679	0.000105	0.000162	0.000115	0.006120	0.006141	0.000079	0.000745	0.005982	0.000032	0.000090	0.000060	0.000093	0.006078	0.000055
0.017544	0.000000	0.000000	0.006149	0.000221	0.000450	0.020568	0.000520	0.006804	0.008117	0.006265	0.000130	0.000199	0.000142	0.006721	0.006769	0.000097	0.000882	0.006576	0.000040	0.000111	0.000074	0.000115	0.006663	0.000068
0.021053	0.000000	0.000000	0.006769	0.000268	0.000528	0.021234	0.000620	0.007483	0.008931	0.006891	0.000161	0.000243	0.000175	0.007362	0.007441	0.000120	0.001041	0.007209	0.000050	0.000136	0.000092	0.000142	0.007284	0.000084
0.024561	0.000001	0.000000	0.007429	0.000324	0.000620	0.021861	0.000737	0.008208	0.009807	0.007557	0.000198	0.000297	0.000215	0.008043	0.008158	0.000148	0.001226	0.007881	0.000062	0.000167	0.000114	0.000174	0.007941	0.000104
0.028070	0.000001	0.000000	0.008128	0.000390	0.000724	0.022446	0.000873	0.008979	0.010748	0.008263	0.000243	0.000361	0.000263	0.008765	0.008920	0.000181	0.001440	0.008593	0.000076	0.000204	0.000141	0.000213	0.008634	0.000127
0.031579	0.000001	0.000000	0.008865	0.000468	0.000844	0.022984	0.001031	0.009798	0.011756	0.009008	0.000298	0.000438	0.000321	0.009526	0.009729	0.000222	0.001688	0.009344	0.000094	0.000249	0.000174	0.000259	0.009362	0.000156
0.035088	0.000001	0.000000	0.009641	0.000561	0.000981	0.023473	0.001214	0.010665	0.012834	0.009791	0.000363	0.000530	0.000390	0.010327	0.010585	0.000271	0.001972	0.010134	0.000116	0.000302	0.000213	0.000315	0.010124	0.000190
0.038596	0.000002	0.000000	0.010452	0.000669	0.001137	0.023911	0.001426	0.011580	0.013986	0.010612	0.000442	0.000638	0.000472	0.011168	0.011487	0.000329	0.002299	0.010963	0.000142	0.000366	0.000261	0.000382	0.010919	0.000232
0.042105	0.000003	0.000000	0.011299	0.000797	0.001315	0.024296	0.001670	0.012543	0.015214	0.011469	0.000535	0.000767	0.000571	0.012049	0.012437	0.000399	0.002672	0.011830	0.000174	0.000442	0.000318	0.000462	0.011747	0.000281
0.045614	0.000004	0.000000	0.012178	0.000946	0.001516	0.024627	0.001949	0.013553	0.016522	0.012361	0.000647	0.000920	0.000688	0.012968	0.013433	0.000483	0.003099	0.012734	0.000211	0.000533	0.000386	0.000556	0.012604	0.000341
0.049123	0.000005	0.000000	0.013088	0.001121	0.001743	0.024904	0.002269	0.014611	0.017912	0.013285	0.000779	0.001099	0.000826	0.013926	0.014475	0.000582	0.003585	0.013675	0.000257	0.000639	0.000468	0.000668	0.013491	0.000411
0.052632	0.000006	0.000000	0.014027	0.001323	0.001999	0.025128	0.002633	0.015716	0.019387	0.014240	0.000936	0.001309	0.000988	0.014922	0.015563	0.000699	0.004136	0.014651	0.000311	0.000766	0.000565	0.000800	0.014405	0.000494
0.056140	0.000008	0.000000	0.014990	0.001558	0.002286	0.025299	0.003046	0.016867	0.020951	0.015223	0.001121	0.001555	0.001180	0.015954	0.016696	0.000837	0.004759	0.015663	0.000375	0.000914	0.000680	0.000955	0.015345	0.000593
0.059649	0.000011	0.000000	0.015976	0.001829	0.002608	0.025422	0.003514	0.018065	0.022607	0.016233	0.001338	0.001841	0.001403	0.017023	0.017875	0.001000	0.005463	0.016708	0.000452	0.001088	0.000816	0.001136	0.016308	0.000709
0.063158	0.000014	0.000000	0.016982	0.002141	0.002967	0.025498	0.004043	0.019307	0.024358	0.017266	0.001592	0.002173	0.001664	0.018128	0.019098	0.001190	0.006255	0.017787	0.000542	0.001292	0.000977	0.001348	0.017293	0.000845
0.066667	0.000019	0.000000	0.018004	0.002500	0.003367	0.025532	0.004637	0.020595	0.026207	0.018320	0.001889	0.002558	0.001968	0.019269	0.020365	0.001413	0.007144	0.018899	0.000648	0.001528	0.001165	0.001595	0.018299	0.001005
0.070175	0.000025	0.000000	0.019040	0.002910	0.003812	0.025529	0.005303	0.021928	0.028158	0.019393	0.002234	0.003001	0.002320	0.020446	0.021675	0.001673	0.008139	0.020044	0.000772	0.001803	0.001385	0.001881	0.019323	0.001191
0.073684	0.000032	0.000000	0.020088	0.003379	0.004304	0.025495	0.006047	0.023305	0.030214	0.020483	0.002634	0.003511	0.002726	0.021658	0.023029	0.001974	0.009249	0.021223	0.000917	0.002122	0.001642	0.002212	0.020365	0.001408
0.077193	0.000041	0.000000	0.021143	0.003912	0.004849	0.025437	0.006875	0.024726	0.032380	0.021588	0.003096	0.004095	0.003194	0.022907	0.024427	0.002322	0.010485	0.022436	0.001087	0.002489	0.001940	0.002593	0.021424	0.001659
0.080702	0.000053	0.000000	0.022206	0.004517	0.005449	0.025364	0.007795	0.026192	0.034657	0.022707	0.003628	0.004762	0.003730	0.024194	0.025868	0.002724	0.011855	0.023685	0.001284	0.002911	0.002285	0.003031	0.022500	0.001949
0.084211	0.000068	0.000000	0.023273	0.005200	0.006110	0.025282	0.008812	0.027703	0.037050	0.023838	0.004238	0.005520	0.004343	0.025520	0.027354	0.003186	0.013371	0.024971	0.001512	0.003395	0.002684	0.003532	0.023592	0.002283
0.087719	0.000087	0.000000	0.024344	0.005971	0.006834	0.025202	0.009934	0.029261	0.039562	0.024980	0.004936	0.006381	0.005041	0.026886	0.028885	0.003715	0.015044	0.026297	0.001775	0.003948	0.003142	0.004103	0.024701	0.002666
0.091228	0.000111	0.000000	0.025418	0.006837	0.007627	0.025134	0.011166	0.030865	0.042196	0.026135	0.005732	0.007353	0.005834	0.028297	0.030462	0.004319	0.016884	0.027667	0.002077	0.004577	0.003667	0.004753	0.025829	0.003105
0.094737	0.000140	0.000000	0.026496	0.007806	0.008494	0.025088	0.012516	0.032519	0.044955	0.027301	0.006635	0.008449	0.006730	0.029755	0.032087	0.005006	0.018902	0.029085	0.002424	0.005292	0.004266	0.005489	0.026979	0.003606
0.098246	0.000177	0.000000	0.027578	0.008890	0.009438	0.025076	0.013989	0.034225	0.047843	0.028482	0.007657	0.009679	0.007741	0.031263	0.033763	0.005785	0.021110	0.030556	0.002819	0.006100	0.004948	0.006320	0.028151	0.004175
0.101754	0.000223	0.000000	0.028668	0.010095	0.010466	0.025108	0.015592	0.035984	0.050862	0.029679	0.008810	0.011054	0.008877	0.032827	0.035492	0.006666	0.023517	0.032085	0.003270	0.007012	0.005722	0.007255	0.029352	0.004819
0.105263	0.000279	0.000000	0.029768	0.011433	0.011581	0.025198	0.017329	0.037801	0.054014	0.030896	0.010105	0.012588	0.010148	0.034451	0.037277	0.007658	0.026133	0.033681	0.003780	0.008036	0.006596	0.008304	0.030584	0.005547
0.108772	0.000348	0.000000	0.030882	0.012913	0.012789	0.025357	0.019206	0.039678	0.057301	0.032135	0.011556	0.014292	0.011565	0.036141	0.039121	0.008771	0.028970	0.035350	0.004358	0.009183	0.007580	0.009476	0.031854	0.006367
0.112281	0.000432	0.000000	0.032015	0.014545	0.014095	0.025597	0.021227	0.041621	0.060725	0.033403	0.013176	0.016178	0.013141	0.037903	0.041028	0.010017	0.032037	0.037101	0.005009	0.010464	0.008684	0.010781	0.033168	0.007287
0.115789	0.000535	0.000000	0.033173	0.016338	0.015504	0.025932	0.023396	0.043634	0.064285	0.034704	0.014976	0.018259	0.014887	0.039743	0.043003	0.011406	0.035341	0.038943	0.005739	0.011890	0.009919	0.012230	0.034534	0.008316
0.119298	0.000660	0.000000	0.034364	0.018304	0.017023	0.026375	0.025715	0.045722	0.067983	0.036045	0.016971	0.020547	0.016814	0.041669	0.045049	0.012950	0.038891	0.040887	0.006557	0.013470	0.011295	0.013833	0.035959	0.009463
0.122807	0.000810	0.000000	0.035596	0.020450	0.018656	0.026937	0.028186	0.047890	0.071817	0.037433	0.019174	0.023054	0.018933	0.043689	0.047172	0.014659	0.042693	0.042943	0.007469	0.015218	0.012822	0.015599	0.037454	0.010737
0.126316	0.000991	0.000000	0.036877	0.022788	0.020409	0.027631	0.030811	0.050143	0.075786	0.038876	0.021598	0.025789	0.021255	0.045809	0.049376	0.016546	0.046753	0.045122	0.008482	0.017143	0.014512	0.017539	0.039026	0.012148
0.129825	0.001208	0.000000	0.038219	0.025324	0.022288	0.028469	0.033590	0.052488	0.079887	0.040383	0.024255	0.028765	0.023790	0.048036	0.051666	0.018620	0.051075	0.047436	0.009605	0.019256	0.016374	0.019661	0.040688	0.013706
0.133333	0.001466	0.000000	0.039631	0.028068	0.024300	0.029463	0.036520	0.054930	0.084116	0.041963	0.027158	0.031989	0.026548	0.050379	0.054047	0.020893	0.055661	0.049895	0.010844	0.021569	0.018420	0.021976	0.042449	0.015420
0.136842	0.001773	0.000000	0.041125	0.031027	0.026449	0.030623	0.039599	0.057475	0.088467	0.043624	0.030316	0.035471	0.029537	0.052845	0.056524	0.023376	0.060512	0.052512	0.012208	0.024090	0.020658	0.024491	0.044322	0.017300
0.140351	0.002136	0.000000	0.042712	0.034207	0.028742	0.031962	0.042823	0.060129	0.092936	0.045377	0.033741	0.039218	0.032765	0.055439	0.059101	0.026077	0.065627	0.055298	0.013703	0.026831	0.023099	0.027214	0.046318	0.019354
0.143860	0.002563	0.000000	0.044406	0.037615	0.031185	0.033487	0.046188	0.062896	0.097514	0.047231	0.037441	0.043233	0.036238	0.058169	0.061783	0.029007	0.071003	0.058263	0.015337	0.029798	0.025750	0.030151	0.048449	0.021592
0.147368	0.003064	0.000000	0.046217	0.041253	0.033784	0.035210	0.049686	0.065781	0.102192	0.049196	0.041423	0.047521	0.039961	0.061039	0.064572	0.032172	0.076634	0.061416	0.017116	0.033001	0.028620	0.033308	0.050727	0.024021
0.150877	0.003650	0.000001	0.048158	0.045125	0.036544	0.037136	0.053311	0.068789	0.106960	0.051280	0.045692	0.052083	0.043936	0.064053	0.067472	0.035579	0.082514	0.064767	0.019048	0.036446	0.031715	0.036688	0.053163	0.026649
0.154386	0.004330	0.000001	0.050241	0.049234	0.039472	0.039275	0.057052	0.071922	0.111806	0.053493	0.050252	0.056918	0.048165	0.067215	0.070485	0.039234	0.088631	0.068324	0.021136	0.040137	0.035039	0.040293	0.055768	0.029483
0.157895	0.005119	0.000001	0.052476	0.053577	0.042572	0.041632	0.060899	0.075184	0.116717	0.055842	0.055104	0.062022	0.052646	0.070527	0.073612	0.043140	0.094974	0.072091	0.023388	0.044080	0.038598	0.044125	0.058553	0.032529
0.161404	0.006028	0.000002	0.054874	0.058155	0.045851	0.044211	0.064841	0.078576	0.121678	0.058334	0.060247	0.067390	0.057376	0.073987	0.076854	0.047299	0.101527	0.076074	0.025807	0.048275	0.042392	0.048181	0.061528	0.035791
0.164912	0.007072	0.000002	0.057444	0.062963	0.049311	0.047017	0.068866	0.082097	0.126674	0.060975	0.065676	0.073014	0.062349	0.077595	0.080209	0.051711	0.108274	0.080274	0.028397	0.052723	0.046422	0.052459	0.064699	0.039273
0.168421	0.008267	0.000003	0.060195	0.067995	0.052959	0.050052	0.072958	0.085748	0.131687	0.063771	0.071384	0.078881	0.067558	0.081349	0.083676	0.056374	0.115194	0.084691	0.031161	0.057423	0.050686	0.056953	0.068076	0.042976
0.171930	0.009628	0.000004	0.063133	0.073245	0.056797	0.053316	0.077104	0.089527	0.136700	0.066724	0.077363	0.084978	0.072990	0.085242	0.087251	0.061283	0.122265	0.089322	0.034100	0.062370	0.055181	0.061655	0.071662	0.046902
0.175439	0.011171	0.000006	0.066263	0.078703	0.060828	0.056809	0.081288	0.093428	0.141692	0.069837	0.083599	0.091287	0.078633	0.089268	0.090931	0.066432	0.129463	0.094163	0.037215	0.067558	0.059900	0.066556	0.075463	0.051049
0.178947	0.012915	0.000008	0.069588	0.084358	0.065054	0.060529	0.085494	0.097448	0.146643	0.073109	0.090075	0.097789	0.084471	0.093418	0.094710	0.071811	0.136761	0.099206	0.040505	0.072979	0.064835	0.071643	0.079480	0.055414
0.182456	0.014877	0.000011	0.073110	0.090197	0.069477	0.064471	0.089706	0.101579	0.151534	0.076540	0.096774	0.104460	0.090485	0.097682	0.098581	0.077408	0.144129	0.104440	0.043968	0.078622	0.069975	0.076901	0.083714	0.059992
0.185965	0.017075	0.000014	0.076827	0.096203	0.074096	0.068631	0.093907	0.105814	0.156341	0.080126	0.103672	0.111276	0.096653	0.102047	0.102535	0.083208	0.151537	0.109852	0.047602	0.084474	0.075307	0.082313	0.088161	0.064778
0.189474	0.019527	0.000019	0.080738	0.102361	0.078909	0.073000	0.098080	0.110143	0.161045	0.083861	0.110744	0.118209	0.102953	0.106499	0.106565	0.089196	0.158952	0.115426	0.051401	0.090520	0.080816	0.087861	0.092819	0.069762
0.192982	0.022251	0.000025	0.084837	0.108652	0.083915	0.077571	0.102209	0.114555	0.165622	0.087740	0.117961	0.125228	0.109358	0.111022	0.110658	0.095352	0.166340	0.121141	0.055361	0.096741	0.086484	0.093523	0.097680	0.074934
0.196491	0.025265	0.000033	0.089116	0.115054	0.089107	0.082331	0.106278	0.119036	0.170051	0.091753	0.125294	0.132300	0.115841	0.115599	0.114804	0.101653	0.173667	0.126978	0.059474	0.103117	0.092292	0.099277	0.102736	0.080282
0.200000	0.028587	0.000044	0.093567	0.121546	0.094481	0.087269	0.110270	0.123575	0.174311	0.095890	0.132707	0.139393	0.122371	0.120211	0.118991	0.108075	0.180897	0.132912	0.063731	0.109626	0.098217	0.105096	0.107976	0.085791
0.203509	0.032232	0.000057	0.098177	0.128105	0.100029	0.092371	0.114172	0.128155	0.178382	0.100138	0.140166	0.146470	0.128919	0.124839	0.123205	0.114594	0.187994	0.138916	0.068124	0.116244	0.104235	0.110955	0.113386	0.091446
0.207018	0.036215	0.000074	0.102933	0.134706	0.105740	0.097620	0.117969	0.132760	0.182243	0.104484	0.147633	0.153495	0.135451	0.129462	0.127433	0.121180	0.194922	0.144962	0.072642	0.122945	0.110323	0.116826	0.118951	0.097229
0.210526	0.040550	0.000095	0.107819	0.141323	0.111604	0.102999	0.121649	0.137373	0.185878	0.108913	0.155067	0.160430	0.141936	0.134060	0.131660	0.127804	0.201645	0.151020	0.077273	0.129701	0.116451	0.122681	0.124653	0.103120
0.214035	0.045249	0.000122	0.112817	0.147932	0.117606	0.108490	0.125200	0.141978	0.189268	0.113408	0.162430	0.167238	0.148338	0.138611	0.135873	0.134436	0.208129	0.157058	0.082004	0.136484	0.122594	0.128491	0.130473	0.109100
0.217544	0.050320	0.000155	0.117909	0.154505	0.123732	0.114073	0.128612	0.146555	0.192399	0.117952	0.169679	0.173883	0.154626	0.143094	0.140056	0.141044	0.214340	0.163044	0.086823	0.143264	0.128722	0.134225	0.136391	0.115146
0.221053	0.055771	0.000197	0.123074	0.161016	0.129964	0.119725	0.131879	0.151086	0.195257	0.122527	0.176774	0.180326	0.160766	0.147489	0.144195	0.147596	0.220246	0.168945	0.091715	0.150011	0.134806	0.139856	0.142383	0.121235
0.224561	0.061605	0.000248	0.128291	0.167439	0.136282	0.125425	0.134992	0.155553	0.197832	0.127112	0.183673	0.186533	0.166727	0.151776	0.148277	0.154060	0.225817	0.174727	0.096665	0.156694	0.140818	0.145354	0.148426	0.127346
0.228070	0.067825	0.000311	0.133536	0.173748	0.142665	0.131149	0.137948	0.159938	0.200114	0.131690	0.190336	0.192470	0.172477	0.155936	0.152286	0.160405	0.231027	0.180359	0.101659	0.163283	0.146727	0.150693	0.154497	0.133453
0.231579	0.074428	0.000388	0.138788	0.179917	0.149091	0.136873	0.140745	0.164221	0.202098	0.136240	0.196725	0.198104	0.177988	0.159951	0.156211	0.166599	0.235852	0.185807	0.106681	0.169748	0.152508	0.155844	0.160569	0.139533
0.235088	0.081408	0.000482	0.144022	0.185923	0.155536	0.142574	0.143380	0.168387	0.203780	0.140742	0.202803	0.203406	0.183233	0.163808	0.160040	0.172612	0.240269	0.191041	0.111716	0.176060	0.158131	0.160785	0.166618	0.145563
0.238596	0.088757	0.000594	0.149216	0.191742	0.161974	0.148227	0.145857	0.172419	0.205159	0.145178	0.208534	0.208350	0.188188	0.167490	0.163760	0.178417	0.244263	0.196033	0.116750	0.182192	0.163572	0.165492	0.172620	0.151519
0.242105	0.096461	0.000730	0.154346	0.197355	0.168380	0.153807	0.148178	0.176301	0.206238	0.149529	0.213887	0.212912	0.192832	0.170988	0.167363	0.183988	0.247820	0.200755	0.121766	0.188116	0.168807	0.169945	0.178548	0.157381
0.245614	0.104504	0.000891	0.159392	0.202740	0.174725	0.159292	0.150349	0.180019	0.207022	0.153777	0.218833	0.217071	0.197146	0.174292	0.170841	0.189301	0.250932	0.205183	0.126752	0.193810	0.173815	0.174129	0.184381	0.163126
0.249123	0.112865	0.001082	0.164331	0.207881	0.180983	0.164657	0.152377	0.183561	0.207518	0.157906	0.223348	0.220812	0.201115	0.177396	0.174185	0.194337	0.253593	0.209297	0.131692	0.199251	0.178575	0.178027	0.190096	0.168736
0.252632	0.121521	0.001307	0.169144	0.212762	0.187127	0.169882	0.154271	0.186916	0.207739	0.161900	0.227408	0.224122	0.204730	0.180297	0.177391	0.199077	0.255803	0.213079	0.136575	0.204419	0.183073	0.181630	0.195672	0.174193
0.256140	0.130444	0.001571	0.173813	0.217372	0.193130	0.174945	0.156043	0.190074	0.207697	0.165744	0.230999	0.226993	0.207981	0.182993	0.180455	0.203510	0.257568	0.216516	0.141388	0.209300	0.187295	0.184931	0.201091	0.179482
0.259649	0.139602	0.001877	0.178321	0.221701	0.198966	0.179829	0.157703	0.193030	0.207409	0.169427	0.234106	0.229420	0.210868	0.185488	0.183376	0.207623	0.258898	0.219597	0.146121	0.213879	0.191230	0.187926	0.206336	0.184590
0.263158	0.148961	0.002231	0.182656	0.225740	0.204611	0.184515	0.159267	0.195777	0.206896	0.172939	0.236723	0.231404	0.213389	0.187788	0.186153	0.211414	0.259807	0.222317	0.150764	0.218148	0.194872	0.190616	0.211393	0.189507
0.266667	0.158484	0.002638	0.186804	0.229488	0.210041	0.188991	0.160749	0.198315	0.206179	0.176271	0.238845	0.232950	0.215550	0.189899	0.188788	0.214879	0.260314	0.224677	0.155309	0.222100	0.198218	0.193005	0.216251	0.194225
0.270175	0.168131	0.003102	0.190758	0.232941	0.215236	0.193245	0.162166	0.200641	0.205282	0.179417	0.240475	0.234067	0.217359	0.191835	0.191286	0.218023	0.260444	0.226678	0.159748	0.225733	0.201269	0.195102	0.220902	0.198740
0.273684	0.177860	0.003629	0.194510	0.236104	0.220178	0.197267	0.163535	0.202760	0.204234	0.182372	0.241618	0.234767	0.218829	0.193609	0.193651	0.220853	0.260225	0.228331	0.164077	0.229048	0.204028	0.196918	0.225340	0.203051
0.277193	0.187627	0.004222	0.198058	0.238980	0.224852	0.201053	0.164875	0.204675	0.203061	0.185136	0.242285	0.235067	0.219976	0.195239	0.195891	0.223380	0.259690	0.229647	0.168293	0.232051	0.206504	0.198469	0.229565	0.207159
0.280702	0.197388	0.004886	0.201400	0.241580	0.229245	0.204600	0.166206	0.206393	0.201797	0.187709	0.242492	0.234989	0.220819	0.196744	0.198017	0.225621	0.258876	0.230646	0.172392	0.234750	0.208708	0.199776	0.233578	0.211070
0.284211	0.207095	0.005624	0.204541	0.243914	0.233350	0.207910	0.167546	0.207925	0.200472	0.190094	0.242259	0.234557	0.221381	0.198146	0.200038	0.227595	0.257823	0.231348	0.176377	0.237159	0.210656	0.200861	0.237384	0.214791
0.287719	0.216703	0.006439	0.207484	0.245997	0.237161	0.210989	0.168916	0.209282	0.199122	0.192298	0.241608	0.233798	0.221686	0.199469	0.201968	0.229328	0.256576	0.231780	0.180248	0.239293	0.212365	0.201750	0.240991	0.218335
0.291228	0.226166	0.007334	0.210240	0.247848	0.240679	0.213846	0.170337	0.210479	0.197781	0.194329	0.240569	0.232745	0.221764	0.200741	0.203822	0.230847	0.255180	0.231973	0.184010	0.241174	0.213859	0.202473	0.244411	0.221717
0.294737	0.235440	0.008308	0.212820	0.249489	0.243909	0.216494	0.171829	0.211533	0.196486	0.196197	0.239172	0.231429	0.221642	0.201988	0.205616	0.232184	0.253686	0.231961	0.187670	0.242823	0.215162	0.203062	0.247659	0.224953
0.298246	0.244480	0.009363	0.215239	0.250942	0.246858	0.218951	0.173414	0.212463	0.195275	0.197917	0.237451	0.229889	0.221354	0.203240	0.207367	0.233371	0.252144	0.231781	0.191235	0.244269	0.216301	0.203551	0.250752	0.228065
0.301754	0.253245	0.010496	0.217514	0.252235	0.249541	0.221238	0.175114	0.213291	0.194185	0.199503	0.235444	0.228162	0.220933	0.204527	0.209096	0.234446	0.250607	0.231473	0.194717	0.245540	0.217309	0.203977	0.253713	0.231076
0.305263	0.261697	0.011704	0.219665	0.253398	0.251974	0.223380	0.176948	0.214040	0.193254	0.200974	0.233191	0.226289	0.220412	0.205880	0.210821	0.235449	0.249129	0.231080	0.198128	0.246670	0.218219	0.204376	0.256563	0.234011
0.308772	0.269800	0.012984	0.221715	0.254464	0.254181	0.225407	0.178939	0.214736	0.192522	0.202351	0.230734	0.224312	0.219826	0.207333	0.212565	0.236419	0.247764	0.230648	0.201486	0.247692	0.219065	0.204790	0.259329	0.236898
0.312281	0.277522	0.014329	0.223689	0.255466	0.256190	0.227352	0.181108	0.215407	0.192026	0.203655	0.228116	0.222275	0.219212	0.208916	0.214352	0.237399	0.246566	0.230223	0.204807	0.248643	0.219887	0.205258	0.262038	0.239767
0.315789	0.284836	0.015733	0.225615	0.256442	0.258030	0.229251	0.183476	0.216082	0.191805	0.204912	0.225383	0.220223	0.218603	0.210663	0.216204	0.238432	0.245590	0.229852	0.208113	0.249564	0.220724	0.205822	0.264720	0.242649
0.319298	0.291720	0.017186	0.227519	0.257430	0.259738	0.231144	0.186064	0.216793	0.191898	0.206147	0.222583	0.218203	0.218036	0.212606	0.218146	0.239561	0.244888	0.229585	0.211427	0.250495	0.221616	0.206522	0.267405	0.245575
0.322807	0.298157	0.018680	0.229433	0.258472	0.261352	0.233073	0.188893	0.217571	0.192341	0.207390	0.219761	0.216259	0.217544	0.214777	0.220205	0.240830	0.244512	0.229469	0.214776	0.251478	0.222607	0.207400	0.270126	0.248580
0.326316	0.304136	0.020204	0.231389	0.259610	0.262917	0.235083	0.191983	0.218450	0.193172	0.208670	0.216968	0.214440	0.217163	0.217207	0.222406	0.242282	0.244511	0.229554	0.218189	0.252556	0.223740	0.208498	0.272915	0.251698
0.329825	0.309653	0.021745	0.233417	0.260887	0.264477	0.237222	0.195357	0.219466	0.194427	0.210018	0.214251	0.212794	0.216925	0.219928	0.224777	0.243960	0.244935	0.229887	0.221696	0.253774	0.225061	0.209856	0.275805	0.254963
0.333333	0.314709	0.023294	0.235552	0.262350	0.266080	0.239539	0.199033	0.220655	0.196142	0.211466	0.211659	0.211367	0.216863	0.222969	0.227344	0.245904	0.245827	0.230514	0.225333	0.255178	0.226614	0.211512	0.278829	0.258409
0.336842	0.319315	0.024838	0.237825	0.264042	0.267779	0.242083	0.203033	0.222054	0.198350	0.213049	0.209242	0.210208	0.217008	0.226359	0.230136	0.248155	0.247230	0.231481	0.229137	0.256811	0.228444	0.213507	0.282019	0.262070
0.340351	0.323488	0.026367	0.240271	0.266011	0.269625	0.244907	0.207377	0.223699	0.201084	0.214800	0.207048	0.209365	0.217391	0.230126	0.233180	0.250751	0.249184	0.232829	0.233147	0.258720	0.230598	0.215876	0.285408	0.265980
0.343860	0.327252	0.027870	0.242922	0.268304	0.271672	0.248061	0.212085	0.225628	0.204376	0.216755	0.205126	0.208884	0.218039	0.234296	0.236504	0.253729	0.251724	0.234600	0.237405	0.260951	0.233121	0.218655	0.289026	0.270172
0.347368	0.330641	0.029339	0.245810	0.270966	0.273974	0.251598	0.217175	0.227879	0.208256	0.218948	0.203524	0.208815	0.218982	0.238895	0.240136	0.257124	0.254883	0.236831	0.241954	0.263546	0.236057	0.221879	0.292903	0.274676
0.350877	0.333695	0.030769	0.248967	0.274045	0.276587	0.255567	0.222669	0.230490	0.212753	0.221415	0.202289	0.209202	0.220246	0.243947	0.244104	0.260969	0.258691	0.239558	0.246841	0.266552	0.239451	0.225578	0.297068	0.279524
0.354386	0.336462	0.032155	0.252422	0.277585	0.279565	0.260018	0.228583	0.233497	0.217893	0.224191	0.201468	0.210092	0.221856	0.249472	0.248433	0.265293	0.263172	0.242813	0.252112	0.270010	0.243345	0.229783	0.301548	0.284743
0.357895	0.339000	0.033499	0.256204	0.281632	0.282962	0.264999	0.234937	0.236936	0.223700	0.227311	0.201108	0.211531	0.223838	0.255492	0.253150	0.270124	0.268348	0.246623	0.257816	0.273963	0.247781	0.234520	0.306367	0.290360
0.361404	0.341371	0.034805	0.260341	0.286228	0.286830	0.270555	0.241747	0.240843	0.230197	0.230808	0.201252	0.213562	0.226216	0.262024	0.258279	0.275488	0.274236	0.251013	0.264001	0.278450	0.252798	0.239815	0.311548	0.296400
0.364912	0.343647	0.036080	0.264857	0.291415	0.291219	0.276729	0.249030	0.245251	0.237403	0.234717	0.201944	0.216229	0.229011	0.269085	0.263845	0.281409	0.280850	0.256006	0.270717	0.283509	0.258434	0.245691	0.317113	0.302884
0.368421	0.345904	0.037338	0.269776	0.297231	0.296178	0.283560	0.256802	0.250192	0.245336	0.239069	0.203228	0.219572	0.232246	0.276691	0.269870	0.287908	0.288201	0.261619	0.278013	0.289177	0.264722	0.252166	0.323079	0.309834
0.371930	0.348226	0.038598	0.275118	0.303714	0.301753	0.291084	0.265076	0.255694	0.254011	0.243894	0.205143	0.223631	0.235942	0.284852	0.276374	0.295002	0.296295	0.267866	0.285935	0.295485	0.271694	0.259259	0.329463	0.317267
0.375439	0.350701	0.039883	0.280903	0.310897	0.307984	0.299331	0.273865	0.261785	0.263438	0.249221	0.207728	0.228444	0.240120	0.293579	0.283375	0.302709	0.305133	0.274757	0.294530	0.302465	0.279377	0.266983	0.336278	0.325197
0.378947	0.353420	0.041224	0.287146	0.318809	0.314910	0.308329	0.283180	0.268490	0.273625	0.255077	0.211021	0.234046	0.244799	0.302879	0.290889	0.311043	0.314715	0.282299	0.303841	0.310142	0.287795	0.275349	0.343536	0.333636
0.382456	0.356479	0.042654	0.293861	0.327477	0.322566	0.318098	0.293030	0.275827	0.284577	0.261486	0.215056	0.240468	0.249997	0.312758	0.298930	0.320015	0.325037	0.290495	0.313908	0.318540	0.296968	0.284367	0.351246	0.342593
0.385965	0.359973	0.044216	0.301059	0.336923	0.330981	0.328656	0.303422	0.283816	0.296294	0.268470	0.219864	0.247741	0.255732	0.323217	0.307506	0.329635	0.336091	0.299343	0.324766	0.327677	0.306910	0.294040	0.359414	0.352073
0.389474	0.364000	0.045953	0.308748	0.347163	0.340181	0.340013	0.314360	0.292468	0.308772	0.276048	0.225476	0.255890	0.262022	0.334256	0.316626	0.339910	0.347864	0.308841	0.336448	0.337568	0.317629	0.304371	0.368043	0.362080
0.392982	0.368656	0.047918	0.316934	0.358211	0.350183	0.352173	0.325848	0.301792	0.322005	0.284235	0.231916	0.264935	0.268882	0.345870	0.326293	0.350846	0.360342	0.318979	0.348979	0.348222	0.329130	0.315359	0.377134	0.372613
0.396491	0.374033	0.050165	0.325620	0.370072	0.361003	0.365135	0.337885	0.311792	0.335980	0.293045	0.239206	0.274895	0.276326	0.358054	0.336507	0.362444	0.373508	0.329749	0.362379	0.359643	0.341409	0.326998	0.386687	0.383667
0.400000	0.380221	0.052753	0.334804	0.382748	0.372648	0.378891	0.350468	0.322468	0.350681	0.302487	0.247366	0.285782	0.284368	0.370796	0.347263	0.374706	0.387341	0.341135	0.376661	0.371830	0.354459	0.339281	0.396696	0.395235
0.403509	0.387304	0.055742	0.344485	0.396234	0.385120	0.393427	0.363592	0.333814	0.366085	0.312566	0.256408	0.297603	0.293020	0.384082	0.358553	0.387629	0.401816	0.353122	0.391828	0.384776	0.368264	0.352196	0.407156	0.407305
0.407018	0.395358	0.059197	0.354656	0.410520	0.398415	0.408723	0.377246	0.345818	0.382167	0.323283	0.266342	0.310359	0.302291	0.397895	0.370364	0.401208	0.416906	0.365689	0.407880	0.398466	0.382801	0.365727	0.418057	0.419864
0.410526	0.404453	0.063182	0.365309	0.425587	0.412523	0.424753	0.391420	0.358464	0.398896	0.334638	0.277171	0.324047	0.312190	0.412213	0.382681	0.415436	0.432582	0.378815	0.424803	0.412882	0.398043	0.379856	0.429388	0.432892
0.414035	0.414646	0.067762	0.376432	0.441411	0.427425	0.441482	0.406098	0.371730	0.416235	0.346623	0.288895	0.338657	0.322722	0.427010	0.395481	0.430302	0.448812	0.392474	0.442578	0.427998	0.413954	0.394560	0.441133	0.446369
0.417544	0.425986	0.073001	0.388013	0.457963	0.443098	0.458873	0.421263	0.385589	0.434144	0.359228	0.301506	0.354171	0.333891	0.442258	0.408740	0.445794	0.465559	0.406640	0.461174	0.443780	0.430493	0.409815	0.453277	0.460269
0.421053	0.438511	0.078959	0.400034	0.475207	0.459512	0.476881	0.436894	0.400007	0.452577	0.372438	0.314993	0.370566	0.345698	0.457922	0.422426	0.461894	0.482786	0.421285	0.480552	0.460189	0.447610	0.425589	0.465800	0.474563
0.424561	0.452243	0.085696	0.412476	0.493097	0.476628	0.495455	0.452965	0.414948	0.471484	0.386235	0.329336	0.387813	0.358141	0.473966	0.436508	0.478584	0.500451	0.436376	0.500664	0.477181	0.465252	0.441851	0.478680	0.489220
0.428070	0.467194	0.093266	0.425319	0.511587	0.494403	0.514540	0.469452	0.430367	0.490811	0.400596	0.344510	0.405875	0.371215	0.490348	0.450947	0.495839	0.518512	0.451880	0.521452	0.494702	0.483359	0.458565	0.491892	0.504205
0.431579	0.483363	0.101720	0.438538	0.530620	0.512786	0.534077	0.486323	0.446218	0.510498	0.415494	0.360485	0.424708	0.384911	0.507023	0.465702	0.513634	0.536924	0.467765	0.542849	0.512695	0.501865	0.475691	0.505411	0.519479
0.435088	0.500732	0.111101	0.452108	0.550135	0.531722	0.554001	0.503547	0.462449	0.530483	0.430897	0.377223	0.444263	0.399217	0.523942	0.480728	0.531939	0.555637	0.483992	0.564779	0.531096	0.520700	0.493187	0.519205	0.535003
0.438596	0.519275	0.121447	0.466001	0.570069	0.551146	0.574245	0.521090	0.479003	0.550702	0.446773	0.394683	0.464484	0.414120	0.541054	0.495977	0.550720	0.574602	0.500526	0.587159	0.549836	0.539790	0.511007	0.533245	0.550733
0.442105	0.538949	0.132789	0.480189	0.590350	0.570991	0.594736	0.538914	0.495822	0.571084	0.463081	0.412815	0.485307	0.429598	0.558304	0.511401	0.569941	0.593767	0.517328	0.609898	0.568841	0.559058	0.529104	0.547496	0.566625
0.445614	0.559702	0.145149	0.494639	0.610905	0.591183	0.615401	0.556982	0.512844	0.591559	0.479781	0.431564	0.506666	0.445630	0.575633	0.526946	0.589561	0.613077	0.534357	0.632898	0.588034	0.578424	0.547427	0.561922	0.582631
0.449123	0.581469	0.158544	0.509319	0.631656	0.611645	0.636165	0.575253	0.530005	0.612054	0.496828	0.450872	0.528488	0.462189	0.592981	0.542560	0.609537	0.632478	0.551575	0.656057	0.607333	0.597806	0.565924	0.576485	0.598703
0.452632	0.604177	0.172981	0.524196	0.652525	0.632293	0.656951	0.593685	0.547239	0.632495	0.514175	0.470675	0.550694	0.479246	0.610288	0.558187	0.629822	0.651912	0.568939	0.679266	0.626654	0.617123	0.584539	0.591146	0.614793
0.456140	0.627743	0.188460	0.539235	0.673430	0.653042	0.677680	0.612235	0.564479	0.652809	0.531772	0.490904	0.573205	0.496765	0.627490	0.573773	0.650369	0.671321	0.586409	0.702416	0.645912	0.636292	0.603217	0.605863	0.630851
0.459649	0.652080	0.204972	0.554402	0.694289	0.673803	0.698276	0.630861	0.581660	0.672920	0.549568	0.511487	0.595934	0.514709	0.644523	0.589263	0.671124	0.690648	0.603944	0.725393	0.665019	0.655233	0.621901	0.620593	0.646828
0.463158	0.677091	0.222503	0.569660	0.715021	0.694485	0.718660	0.649519	0.598714	0.692754	0.567510	0.532351	0.618796	0.533038	0.661323	0.604603	0.692037	0.709833	0.621500	0.748084	0.683890	0.673866	0.640532	0.635294	0.662674
0.466667	0.702681	0.241029	0.584974	0.735545	0.714995	0.738757	0.668163	0.615578	0.712241	0.585544	0.553418	0.641702	0.551707	0.677827	0.619739	0.713050	0.728819	0.639038	0.770374	0.702439	0.692117	0.659053	0.649920	0.678343
0.470175	0.728748	0.260522	0.600309	0.755783	0.735242	0.758494	0.686750	0.632190	0.731309	0.603616	0.574610	0.664563	0.570669	0.693974	0.634622	0.734110	0.747547	0.656517	0.792152	0.720583	0.709913	0.677403	0.664426	0.693787
0.473684	0.755194	0.280945	0.615631	0.775659	0.755132	0.777800	0.705235	0.648488	0.749893	0.621672	0.595848	0.687291	0.589873	0.709703	0.649203	0.755161	0.765961	0.673894	0.813309	0.738241	0.727187	0.695526	0.678768	0.708962
0.477193	0.781921	0.302257	0.630906	0.795100	0.774576	0.796605	0.723576	0.664418	0.767928	0.639657	0.617054	0.709797	0.609268	0.724958	0.663435	0.776146	0.784007	0.691132	0.833742	0.755337	0.743877	0.713363	0.692900	0.723826
0.480702	0.808831	0.324411	0.646102	0.814040	0.793484	0.814846	0.741729	0.679927	0.785355	0.657520	0.638150	0.731998	0.628799	0.739684	0.677276	0.797011	0.801630	0.708191	0.853351	0.771800	0.759928	0.730859	0.706779	0.738341
0.484211	0.835835	0.347355	0.661188	0.832417	0.811770	0.832463	0.759653	0.694967	0.802120	0.675209	0.659061	0.753810	0.648410	0.753831	0.690688	0.817702	0.818781	0.725035	0.872045	0.787565	0.775290	0.747959	0.720362	0.752471
0.487719	0.862847	0.371033	0.676135	0.850175	0.829355	0.849400	0.777306	0.709496	0.818172	0.692677	0.679714	0.775156	0.668044	0.767356	0.703636	0.838170	0.835414	0.741627	0.889740	0.802574	0.789923	0.764611	0.733606	0.766184
0.491228	0.889786	0.395381	0.690917	0.867266	0.846162	0.865608	0.794650	0.723478	0.833470	0.709876	0.700040	0.795962	0.687643	0.780218	0.716090	0.858363	0.851485	0.757933	0.906362	0.816775	0.803791	0.780766	0.746474	0.779453
0.494737	0.916580	0.420336	0.705511	0.883648	0.862121	0.881040	0.811648	0.736882	0.847974	0.726764	0.719974	0.816160	0.707149	0.792384	0.728023	0.878239	0.866955	0.773923	0.921845	0.830127	0.816868	0.796376	0.758928	0.792254
0.498246	0.943164	0.445826	0.719895	0.899287	0.877168	0.895659	0.828264	0.749684	0.861655	0.743303	0.739458	0.835690	0.726505	0.803828	0.739417	0.897754	0.881791	0.789565	0.936135	0.842595	0.829136	0.811400	0.770934	0.804569
0.501754	0.969480	0.471778	0.734052	0.914160	0.891249	0.909431	0.844463	0.761865	0.874487	0.759458	0.758436	0.854496	0.745654	0.814528	0.750254	0.916871	0.895962	0.804834	0.949190	0.854156	0.840585	0.825798	0.782462	0.816384
0.505263	0.995478	0.498112	0.747967	0.928248	0.904316	0.922329	0.860215	0.773416	0.886452	0.775197	0.776861	0.872533	0.764540	0.824473	0.760524	0.935558	0.909446	0.819704	0.960978	0.864795	0.851212	0.839535	0.793485	0.827690
0.508772	1.021116	0.524744	0.761629	0.941544	0.916330	0.934334	0.875490	0.784330	0.897542	0.790496	0.794694	0.889760	0.783110	0.833657	0.770221	0.953787	0.922226	0.834154	0.971480	0.874507	0.861024	0.852581	0.803980	0.838482
0.512281	1.046358	0.551586	0.775031	0.954050	0.927264	0.945431	0.890261	0.794611	0.907751	0.805333	0.811900	0.906148	0.801315	0.842083	0.779345	0.971533	0.934289	0.848166	0.980690	0.883300	0.870034	0.864911	0.813929	0.848762
0.515789	1.071176	0.578542	0.788169	0.965773	0.937096	0.955613	0.904506	0.804268	0.917083	0.819693	0.828454	0.921674	0.819106	0.849763	0.787901	0.988780	0.945630	0.861725	0.988613	0.891187	0.878262	0.876506	0.823319	0.858535
0.519298	1.095547	0.605514	0.801043	0.976731	0.945820	0.964879	0.918201	0.813314	0.925549	0.833567	0.844337	0.936326	0.836440	0.856715	0.795897	1.005515	0.956252	0.874819	0.995267	0.898194	0.885736	0.887352	0.832141	0.867810
0.522807	1.119453	0.632396	0.813656	0.986949	0.953435	0.973236	0.931329	0.821772	0.933165	0.846949	0.859541	0.950099	0.853278	0.862966	0.803348	1.021730	0.966162	0.887442	1.000682	0.904357	0.892490	0.897441	0.840394	0.876603
0.526316	1.142882	0.659076	0.826018	0.996459	0.959954	0.980695	0.943876	0.829667	0.939955	0.859839	0.874062	0.962996	0.869585	0.868551	0.810271	1.037423	0.975375	0.899588	1.004899	0.909720	0.898565	0.906770	0.848079	0.884933
0.529825	1.165825	0.685440	0.838138	1.005301	0.965398	0.987274	0.955828	0.837032	0.945948	0.872243	0.887906	0.975030	0.885330	0.873512	0.816691	1.052596	0.983913	0.911259	1.007972	0.914335	0.904006	0.915344	0.855205	0.892820
0.533333	1.188275	0.711365	0.850031	1.013519	0.969800	0.992998	0.967178	0.843904	0.951178	0.884172	0.901087	0.986221	0.900492	0.877898	0.822633	1.067256	0.991802	0.922458	1.009962	0.918263	0.908862	0.923173	0.861786	0.900293
0.536842	1.210229	0.736726	0.861715	1.021163	0.973199	0.997897	0.977920	0.850322	0.955685	0.895640	0.913624	0.996596	0.915051	0.881764	0.828128	1.081414	0.999077	0.933194	1.010942	0.921572	0.913189	0.930274	0.867842	0.907379
0.540351	1.231686	0.761395	0.873212	1.028287	0.975648	1.002006	0.988053	0.856332	0.959515	0.906667	0.925546	1.006190	0.928996	0.885172	0.833211	1.095084	1.005777	0.943481	1.010994	0.924335	0.917044	0.936669	0.873398	0.914111
0.543860	1.252646	0.785241	0.884543	1.034949	0.977206	1.005367	0.997579	0.861982	0.962716	0.917275	0.936886	1.015042	0.942321	0.888190	0.837918	1.108285	1.011947	0.953334	1.010207	0.926632	0.920487	0.942388	0.878485	0.920523
0.547368	1.273111	0.808133	0.895737	1.041208	0.977938	1.008026	1.006503	0.867322	0.965340	0.927492	0.947682	1.023199	0.955028	0.890890	0.842289	1.121036	1.017637	0.962776	1.008675	0.928547	0.923580	0.947464	0.883139	0.926651
0.550877	1.293084	0.829941	0.906820	1.047125	0.977920	1.010034	1.014834	0.872405	0.967442	0.937347	0.957981	1.030711	0.967124	0.893346	0.846367	1.133362	1.022901	0.971831	1.006500	0.930166	0.926388	0.951940	0.887401	0.932533
0.554386	1.312569	0.850542	0.917821	1.052763	0.977232	1.011445	1.022586	0.877283	0.969082	0.946870	0.967830	1.037631	0.978623	0.895637	0.850198	1.145285	1.027798	0.980530	1.003789	0.931577	0.928976	0.955861	0.891318	0.938207
0.557895	1.331572	0.869816	0.928773	1.058180	0.975959	1.012318	1.029774	0.882012	0.970317	0.956096	0.977281	1.044017	0.989547	0.897845	0.853826	1.156831	1.032388	0.988907	1.000649	0.932871	0.931408	0.959276	0.894938	0.943712
0.561404	1.350099	0.887654	0.939706	1.063437	0.974190	1.012715	1.036418	0.886646	0.971210	0.965057	0.986390	1.049928	0.999921	0.900049	0.857302	1.168028	1.036737	0.996998	0.997191	0.934137	0.933749	0.962243	0.898316	0.949088
0.564912	1.368161	0.903958	0.950651	1.068589	0.972020	1.012703	1.042541	0.891240	0.971823	0.973788	0.995213	1.055422	1.009779	0.902334	0.860673	1.178900	1.040910	1.004845	0.993528	0.935464	0.936063	0.964820	0.901510	0.954375
0.568421	1.385769	0.918645	0.961641	1.073690	0.969542	1.012349	1.048168	0.895847	0.972216	0.982324	1.003808	1.060561	1.019157	0.904778	0.863990	1.189475	1.044974	1.012493	0.989770	0.936937	0.938411	0.967071	0.904578	0.959610
0.571930	1.402939	0.931651	0.972706	1.078788	0.966854	1.011723	1.053329	0.900519	0.972452	0.990697	1.012233	1.065402	1.028098	0.907462	0.867304	1.199777	1.048999	1.019989	0.986027	0.938639	0.940856	0.969060	0.907585	0.964833
0.575439	1.419688	0.942931	0.983875	1.083926	0.964049	1.010897	1.058053	0.905305	0.972591	0.998938	1.020544	1.070002	1.036649	0.910461	0.870664	1.209832	1.053050	1.027383	0.982406	0.940649	0.943453	0.970855	0.910592	0.970079
0.578947	1.436038	0.952464	0.995177	1.089144	0.961225	1.009943	1.062374	0.910254	0.972693	1.007078	1.028797	1.074418	1.044859	0.913849	0.874122	1.219663	1.057196	1.034728	0.979010	0.943040	0.946260	0.972527	0.913666	0.975383
0.582456	1.452016	0.960254	1.006637	1.094473	0.958472	1.008936	1.066327	0.915409	0.972815	1.015142	1.037045	1.078700	1.052782	0.917693	0.877726	1.229290	1.061501	1.042078	0.975937	0.945879	0.949328	0.974144	0.916871	0.980781
0.585965	1.467652	0.966332	1.018277	1.099939	0.955880	1.007948	1.069948	0.920814	0.973013	1.023155	1.045337	1.082896	1.060470	0.922055	0.881524	1.238735	1.066030	1.049488	0.973279	0.949227	0.952705	0.975777	0.920272	0.986302
0.589474	1.482981	0.970756	1.030119	1.105563	0.953535	1.007052	1.073273	0.926505	0.973340	1.031137	1.053719	1.087051	1.067981	0.926992	0.885564	1.248016	1.070841	1.057013	0.971123	0.953136	0.956438	0.977496	0.923932	0.991978
0.592982	1.498042	0.973616	1.042178	1.111356	0.951517	1.006321	1.076341	0.932517	0.973847	1.039105	1.062233	1.091202	1.075367	0.932553	0.889889	1.257148	1.075992	1.064710	0.969545	0.957652	0.960567	0.979368	0.927914	0.997834
0.596491	1.512877	0.975027	1.054467	1.117324	0.949901	1.005824	1.079189	0.938881	0.974580	1.047073	1.070914	1.095385	1.082685	0.938778	0.894543	1.266147	1.081535	1.072634	0.968617	0.962812	0.965130	0.981460	0.932277	1.003897
0.600000	1.527534	0.975136	1.066995	1.123468	0.948756	1.005629	1.081854	0.945623	0.975583	1.055050	1.079794	1.099628	1.089987	0.945703	0.899566	1.275024	1.087518	1.080839	0.968398	0.968645	0.970158	0.983834	0.937077	1.010189
0.603509	1.542062	0.974113	1.079767	1.129780	0.948145	1.005800	1.084373	0.952764	0.976899	1.063042	1.088897	1.103955	1.097322	0.953350	0.904993	1.283791	1.093984	1.089376	0.968941	0.975171	0.975681	0.986549	0.942367	1.016729
0.607018	1.556513	0.972156	1.092781	1.136248	0.948121	1.006400	1.086782	0.960322	0.978564	1.071050	1.098242	1.108385	1.104738	0.961737	0.910859	1.292454	1.100969	1.098293	0.970289	0.982401	0.981723	0.989662	0.948196	1.023536
0.610526	1.570942	0.969483	1.106035	1.142855	0.948733	1.007486	1.089113	0.968311	0.980612	1.079074	1.107842	1.112930	1.112275	0.970870	0.917192	1.301022	1.108505	1.107636	0.972473	0.990338	0.988302	0.993222	0.954608	1.030624
0.614035	1.585402	0.966330	1.119518	1.149578	0.950021	1.009110	1.091400	0.976739	0.983073	1.087109	1.117703	1.117600	1.119973	0.980747	0.924020	1.309498	1.116617	1.117446	0.975516	0.998977	0.995432	0.997277	0.961641	1.038007
0.617544	1.599947	0.962947	1.133216	1.156389	0.952018	1.011322	1.093672	0.985610	0.985976	1.095148	1.127825	1.122399	1.127863	0.991357	0.931363	1.317886	1.125321	1.127759	0.979431	1.008305	1.003125	1.001867	0.969328	1.045694
0.621053	1.614628	0.959593	1.147111	1.163259	0.954749	1.014163	1.095957	0.994926	0.989343	1.103182	1.138202	1.127328	1.135970	1.002679	0.939238	1.326187	1.134630	1.138603	0.984223	1.018300	1.011386	1.007026	0.977696	1.053694
0.624561	1.629495	0.956532	1.161179	1.170155	0.958232	1.017672	1.098280	1.004682	0.993195	1.111199	1.148823	1.132383	1.144315	1.014687	0.947658	1.334401	1.144547	1.150004	0.989883	1.028936	1.020215	1.012783	0.986766	1.062012
0.628070	1.644592	0.954027	1.175394	1.177042	0.962477	1.021877	1.100664	1.014871	0.997550	1.119188	1.159671	1.137558	1.152911	1.027342	0.956632	1.342526	1.155069	1.161978	0.996398	1.040177	1.029609	1.019161	0.996552	1.070652
0.631579	1.659959	0.952332	1.189725	1.183884	0.967489	1.026804	1.103128	1.025482	1.002422	1.127137	1.170723	1.142846	1.161764	1.040601	0.966162	1.350558	1.166186	1.174534	1.003745	1.051985	1.039561	1.026177	1.007062	1.079616
0.635088	1.675629	0.951692	1.204137	1.190646	0.973266	1.032471	1.105690	1.036502	1.007823	1.135032	1.181954	1.148236	1.170875	1.054412	0.976246	1.358493	1.177880	1.187674	1.011892	1.064315	1.050059	1.033841	1.018297	1.088905
0.638596	1.691630	0.952331	1.218592	1.197292	0.979800	1.038888	1.108365	1.047912	1.013761	1.142863	1.193332	1.153717	1.180237	1.068720	0.986880	1.366325	1.190127	1.201391	1.020802	1.077117	1.061089	1.042157	1.030251	1.098517
0.642105	1.707980	0.954453	1.233050	1.203788	0.987079	1.046059	1.111165	1.059694	1.020244	1.150619	1.204825	1.159278	1.189837	1.083460	0.998052	1.374047	1.202897	1.215671	1.030430	1.090340	1.072632	1.051125	1.042911	1.108450
0.645614	1.724690	0.958233	1.247468	1.210103	0.995085	1.053982	1.114100	1.071826	1.027275	1.158293	1.216396	1.164909	1.199658	1.098566	1.009748	1.381649	1.216150	1.230490	1.040726	1.103928	1.084667	1.060738	1.056260	1.118699
0.649123	1.741762	0.963816	1.261803	1.216209	1.003798	1.062646	1.117179	1.084285	1.034857	1.165879	1.228006	1.170599	1.209676	1.113969	1.021949	1.389122	1.229845	1.245819	1.051639	1.117826	1.097169	1.070984	1.070271	1.129261
0.652632	1.759191	0.971311	1.276010	1.222079	1.013194	1.072036	1.120409	1.097046	1.042991	1.173376	1.239617	1.176340	1.219863	1.129595	1.034632	1.396456	1.243931	1.261616	1.063109	1.131976	1.110113	1.081845	1.084914	1.140129
0.656140	1.776960	0.980792	1.290045	1.227694	1.023245	1.082128	1.123794	1.110085	1.051674	1.180784	1.251189	1.182125	1.230188	1.145370	1.047771	1.403639	1.258353	1.277835	1.075078	1.146320	1.123469	1.093301	1.100154	1.151297
0.659649	1.795046	0.992293	1.303862	1.233036	1.033924	1.092895	1.127341	1.123374	1.060904	1.188109	1.262681	1.187950	1.240616	1.161219	1.061337	1.410659	1.273054	1.294422	1.087484	1.160803	1.137208	1.105326	1.115947	1.162759
0.663158	1.813419	1.005809	1.317418	1.238094	1.045200	1.104303	1.131052	1.136890	1.070676	1.195361	1.274054	1.193813	1.251110	1.177070	1.075300	1.417502	1.287969	1.311316	1.100267	1.175369	1.151298	1.117891	1.132249	1.174508
0.666667	1.832041	1.021295	1.330672	1.242863	1.057044	1.116311	1.134933	1.150606	1.080984	1.202553	1.285272	1.199716	1.261633	1.192850	1.089625	1.424155	1.303032	1.328449	1.113366	1.189964	1.165706	1.130964	1.149009	1.186537
0.670175	1.850865	1.038669	1.343585	1.247340	1.069425	1.128876	1.138986	1.164498	1.091822	1.209704	1.296297	1.205663	1.272146	1.208489	1.104276	1.430605	1.318174	1.345751	1.126721	1.204539	1.180401	1.144510	1.166174	1.198838
0.673684	1.869843	1.057814	1.356121	1.251531	1.082313	1.141951	1.143217	1.178544	1.103179	1.216835	1.307097	1.211661	1.282611	1.223923	1.119217	1.436839	1.333324	1.363144	1.140276	1.219047	1.195350	1.158492	1.183688	1.211404
0.677193	1.888919	1.078578	1.368248	1.255446	1.095679	1.155485	1.147632	1.192722	1.115048	1.223974	1.317642	1.217723	1.292993	1.239090	1.134412	1.442844	1.348411	1.380550	1.153977	1.233443	1.210519	1.172872	1.201492	1.224228
0.680702	1.908033	1.100782	1.379940	1.259100	1.109495	1.169424	1.152239	1.207013	1.127417	1.231150	1.327904	1.223860	1.303257	1.253935	1.149822	1.448608	1.363363	1.397887	1.167773	1.247689	1.225878	1.187610	1.219525	1.237302
0.684211	1.927125	1.124221	1.391173	1.262514	1.123735	1.183712	1.157045	1.221399	1.140272	1.238397	1.337861	1.230091	1.313373	1.268408	1.165412	1.454120	1.378109	1.415074	1.181621	1.261749	1.241395	1.202666	1.237728	1.250617
0.687719	1.946131	1.148669	1.401931	1.265713	1.138374	1.198295	1.162062	1.235867	1.153602	1.245751	1.347492	1.236434	1.323314	1.282466	1.181145	1.459371	1.392581	1.432028	1.195478	1.275592	1.257041	1.217997	1.256040	1.264168
0.691228	1.964988	1.173887	1.412202	1.268728	1.153389	1.213114	1.167304	1.250404	1.167391	1.253252	1.356783	1.242910	1.333057	1.296075	1.196986	1.464354	1.406712	1.448669	1.209311	1.289193	1.272787	1.233563	1.274400	1.277944
0.694737	1.983632	1.199627	1.421984	1.271592	1.168760	1.228114	1.172784	1.265002	1.181623	1.260940	1.365722	1.249544	1.342585	1.309205	1.212903	1.469064	1.420439	1.464921	1.223090	1.302531	1.288607	1.249324	1.292748	1.291940
0.698246	2.001998	1.225637	1.431277	1.274344	1.184467	1.243240	1.178522	1.279653	1.196280	1.268856	1.374304	1.256359	1.351887	1.321839	1.228866	1.473499	1.433706	1.480710	1.236791	1.315587	1.304475	1.265238	1.311029	1.306144
0.701754	2.020027	1.251668	1.440092	1.277023	1.200494	1.258438	1.184538	1.294355	1.211343	1.277044	1.382526	1.263382	1.360955	1.333963	1.244847	1.477659	1.446459	1.495969	1.250398	1.328351	1.320370	1.281267	1.329187	1.320549
0.705263	2.037660	1.277479	1.448445	1.279675	1.216827	1.273659	1.190854	1.309107	1.226793	1.285543	1.390390	1.270638	1.369790	1.345575	1.260821	1.481550	1.458651	1.510635	1.263899	1.340813	1.336269	1.297373	1.347172	1.335144
0.708772	2.054838	1.302842	1.456358	1.282343	1.233452	1.288855	1.197497	1.323912	1.242608	1.294396	1.397903	1.278155	1.378399	1.356680	1.276769	1.485181	1.470245	1.524656	1.277288	1.352972	1.352154	1.313518	1.364935	1.349919
0.712281	2.071510	1.327547	1.463865	1.285076	1.250358	1.303983	1.204493	1.338774	1.258765	1.303642	1.405077	1.285959	1.386793	1.367292	1.292673	1.488563	1.481207	1.537984	1.290565	1.364827	1.368008	1.329668	1.382433	1.364862
0.715789	2.087624	1.351406	1.471002	1.287920	1.267535	1.319004	1.211874	1.353702	1.275239	1.313317	1.411928	1.294076	1.394992	1.377431	1.308520	1.491714	1.491515	1.550584	1.303737	1.376382	1.383817	1.345789	1.399629	1.379961
0.719298	2.103135	1.374259	1.477815	1.290926	1.284975	1.333883	1.219671	1.368705	1.292007	1.323455	1.418474	1.302529	1.403020	1.387126	1.324303	1.494656	1.501154	1.562429	1.316812	1.387645	1.399567	1.361851	1.416488	1.395202
0.722807	2.117999	1.395974	1.484356	1.294141	1.302671	1.348591	1.227920	1.383795	1.309041	1.334086	1.424739	1.311343	1.410907	1.396414	1.340016	1.497415	1.510119	1.573501	1.329807	1.398627	1.415247	1.377825	1.432984	1.410572
0.726316	2.132178	1.416448	1.490684	1.297613	1.320616	1.363106	1.236655	1.398987	1.326316	1.345238	1.430753	1.320539	1.418689	1.405337	1.355661	1.500023	1.518412	1.583796	1.342739	1.409341	1.430850	1.393684	1.449094	1.426054
0.729825	2.145637	1.435616	1.496862	1.301390	1.338806	1.377409	1.245915	1.414294	1.343804	1.356932	1.436548	1.330139	1.426405	1.413945	1.371244	1.502517	1.526049	1.593318	1.355632	1.419806	1.446368	1.409405	1.464804	1.441634
0.733333	2.158346	1.453440	1.502962	1.305519	1.357235	1.391488	1.255737	1.429735	1.361477	1.369188	1.442158	1.340159	1.434102	1.422293	1.386776	1.504936	1.533051	1.602084	1.368512	1.430039	1.461795	1.424968	1.480103	1.457295
0.736842	2.170279	1.469922	1.509058	1.310043	1.375900	1.405337	1.266160	1.445325	1.379310	1.382019	1.447626	1.350618	1.441828	1.430441	1.402273	1.507327	1.539453	1.610121	1.381406	1.440064	1.477129	1.440356	1.494990	1.473018
0.740351	2.181413	1.485090	1.515230	1.315008	1.394797	1.418957	1.277223	1.461084	1.397274	1.395433	1.452995	1.361531	1.449634	1.438454	1.417754	1.509738	1.545295	1.617467	1.394344	1.449903	1.492368	1.455554	1.509468	1.488787
0.743860	2.191732	1.499008	1.521561	1.320454	1.413923	1.432353	1.288967	1.477029	1.415346	1.409437	1.458314	1.372912	1.457577	1.446399	1.433246	1.512224	1.550628	1.624170	1.407360	1.459583	1.507512	1.470553	1.523548	1.504585
0.747368	2.201223	1.511767	1.528138	1.326421	1.433275	1.445538	1.301427	1.493179	1.433501	1.424030	1.463634	1.384774	1.465712	1.454348	1.448778	1.514842	1.555513	1.630288	1.420485	1.469133	1.522563	1.485345	1.537246	1.520394
0.750877	2.209879	1.523482	1.535050	1.332949	1.452853	1.458528	1.314644	1.509551	1.451717	1.439210	1.469013	1.397129	1.474098	1.462375	1.464386	1.517651	1.560016	1.635889	1.433754	1.478583	1.537524	1.499930	1.550586	1.536198
0.754386	2.217696	1.534294	1.542385	1.340073	1.472654	1.471346	1.328652	1.526163	1.469975	1.454970	1.474511	1.409987	1.482794	1.470556	1.480108	1.520714	1.564212	1.641047	1.447201	1.487966	1.552399	1.514309	1.563596	1.551983
0.757895	2.224679	1.544361	1.550235	1.347828	1.492678	1.484022	1.343485	1.543032	1.488258	1.471301	1.480192	1.423361	1.491861	1.478967	1.495988	1.524096	1.568183	1.645847	1.460861	1.497318	1.567198	1.528489	1.576313	1.567734
0.761404	2.230834	1.553859	1.558689	1.356249	1.512924	1.496587	1.359177	1.560173	1.506553	1.488191	1.486125	1.437262	1.501359	1.487684	1.512071	1.527861	1.572014	1.650378	1.474768	1.506675	1.581927	1.542482	1.588776	1.583441
0.764912	2.236174	1.562973	1.567835	1.365366	1.533395	1.509078	1.375758	1.577602	1.524851	1.505626	1.492381	1.451701	1.511347	1.496786	1.528408	1.532077	1.575797	1.654735	1.488958	1.516078	1.596599	1.556305	1.601031	1.599095
0.768421	2.240718	1.571898	1.577760	1.375212	1.554092	1.521539	1.393253	1.595333	1.543145	1.523593	1.499036	1.466690	1.521882	1.506347	1.545050	1.536810	1.579628	1.659016	1.503464	1.525569	1.611226	1.569979	1.613129	1.614690
0.771930	2.244489	1.580831	1.588546	1.385816	1.575019	1.534013	1.411688	1.613377	1.561436	1.542075	1.506170	1.482245	1.533022	1.516442	1.562052	1.542124	1.583602	1.663325	1.518320	1.535194	1.625824	1.583532	1.625124	1.630226
0.775439	2.247514	1.589973	1.600270	1.397207	1.596180	1.546551	1.431082	1.631747	1.579727	1.561057	1.513864	1.498379	1.544822	1.527143	1.579471	1.548083	1.587819	1.667765	1.533561	1.545001	1.640412	1.596996	1.637074	1.645705
0.778947	2.249825	1.599518	1.613007	1.409414	1.617582	1.559203	1.451453	1.650453	1.598028	1.580526	1.522203	1.515110	1.557334	1.538520	1.597362	1.554749	1.592378	1.672441	1.549220	1.555040	1.655009	1.610410	1.649041	1.661134
0.782456	2.251455	1.609657	1.626821	1.422465	1.639233	1.572024	1.472814	1.669505	1.616353	1.600469	1.531273	1.532456	1.570609	1.550640	1.615784	1.562180	1.597375	1.677458	1.565331	1.565366	1.669641	1.623817	1.661089	1.676524
0.785965	2.252444	1.620570	1.641772	1.436385	1.661142	1.585070	1.495173	1.688911	1.634722	1.620874	1.541164	1.550437	1.584694	1.563564	1.634793	1.570431	1.602908	1.682917	1.581927	1.576036	1.684333	1.637265	1.673283	1.691893
0.789474	2.252828	1.632429	1.657911	1.451203	1.683320	1.598399	1.518536	1.708679	1.653157	1.641733	1.551964	1.569075	1.599634	1.577353	1.654444	1.579553	1.609068	1.688917	1.599042	1.587108	1.699115	1.650809	1.685691	1.707262
0.792982	2.252648	1.645391	1.675280	1.466944	1.705780	1.612070	1.542903	1.728815	1.671690	1.663040	1.563762	1.588394	1.615471	1.592060	1.674789	1.589590	1.615943	1.695555	1.616710	1.598645	1.714021	1.664506	1.698380	1.722660
0.796491	2.251941	1.659599	1.693911	1.483633	1.728536	1.626142	1.568271	1.749325	1.690353	1.684792	1.576646	1.608418	1.632241	1.607733	1.695881	1.600582	1.623617	1.702918	1.634964	1.610711	1.729086	1.678419	1.711418	1.738121
0.800000	2.250743	1.675184	1.713826	1.501295	1.751603	1.640676	1.594630	1.770216	1.709183	1.706988	1.590701	1.629172	1.649979	1.624417	1.717763	1.612564	1.632164	1.711091	1.653838	1.623371	1.744349	1.692614	1.724870	1.753681
0.803509	2.249086	1.692259	1.735034	1.519953	1.774996	1.655730	1.621968	1.791491	1.728222	1.729632	1.606008	1.650681	1.668715	1.642148	1.740479	1.625563	1.641655	1.720150	1.673367	1.636694	1.759852	1.707162	1.738803	1.769384
0.807018	2.246998	1.710923	1.757536	1.539627	1.798732	1.671363	1.650268	1.813154	1.747513	1.752728	1.622646	1.672970	1.688474	1.660958	1.764063	1.639598	1.652150	1.730161	1.693582	1.650746	1.775641	1.722133	1.753277	1.785278
0.810526	2.244498	1.731263	1.781316	1.560337	1.822826	1.687629	1.679506	1.835209	1.767100	1.776285	1.640685	1.696062	1.709278	1.680870	1.788546	1.654682	1.663699	1.741182	1.714517	1.665595	1.791761	1.737602	1.768352	1.801413
0.814035	2.241599	1.753348	1.806350	1.582100	1.847294	1.704583	1.709657	1.857658	1.787029	1.800312	1.660189	1.719979	1.731142	1.701901	1.813949	1.670819	1.676346	1.753262	1.736204	1.681308	1.808260	1.753643	1.784083	1.817845
0.817544	2.238304	1.777239	1.832598	1.604927	1.872149	1.722275	1.740687	1.880502	1.807346	1.824820	1.681212	1.744737	1.754076	1.724059	1.840285	1.688006	1.690120	1.766439	1.758671	1.697948	1.825189	1.770330	1.800520	1.834629
0.821053	2.234609	1.802984	1.860009	1.628829	1.897402	1.740751	1.772560	1.903741	1.828094	1.849821	1.703798	1.770349	1.778085	1.747345	1.867560	1.706230	1.705042	1.780737	1.781947	1.715577	1.842596	1.787734	1.817707	1.851822
0.824561	2.230494	1.830620	1.888518	1.653809	1.923063	1.760052	1.805234	1.927372	1.849313	1.875326	1.727979	1.796824	1.803165	1.771750	1.895769	1.725470	1.721121	1.796173	1.806056	1.734250	1.860530	1.805925	1.835681	1.869482
0.828070	2.225932	1.860180	1.918046	1.679863	1.949135	1.780214	1.838661	1.951392	1.871040	1.901345	1.753774	1.824163	1.829308	1.797256	1.924894	1.745695	1.738354	1.812746	1.831017	1.754018	1.879040	1.824968	1.854474	1.887664
0.831579	2.220884	1.891688	1.948505	1.706984	1.975617	1.801265	1.872789	1.975793	1.893306	1.927885	1.781185	1.852358	1.856495	1.823837	1.954910	1.766864	1.756724	1.830447	1.856847	1.774924	1.898168	1.844922	1.874107	1.906421
0.835088	2.215297	1.925165	1.979790	1.735154	2.002504	1.823226	1.907558	2.000565	1.916134	1.954950	1.810200	1.881393	1.884701	1.851454	1.985779	1.788928	1.776203	1.849252	1.883554	1.797002	1.917955	1.865839	1.894594	1.925800
0.838596	2.209110	1.960625	2.011787	1.764347	2.029780	1.846109	1.942903	2.025693	1.939541	1.982537	1.840789	1.911243	1.913891	1.880060	2.017448	1.811828	1.796751	1.869124	1.911138	1.820276	1.938436	1.887761	1.915937	1.945842
0.842105	2.202251	1.998085	2.044368	1.794528	2.057424	1.869916	1.978754	2.051156	1.963532	2.010640	1.872903	1.941870	1.944018	1.909596	2.049854	1.835494	1.818315	1.890013	1.939594	1.844757	1.959638	1.910723	1.938129	1.966582
0.845614	2.194639	2.037555	2.077398	1.825650	2.085405	1.894639	2.015032	2.076930	1.988102	2.039241	1.906474	1.973224	1.975026	1.939993	2.082922	1.859848	1.840827	1.911856	1.968902	1.870445	1.981580	1.934746	1.961152	1.988043
0.849123	2.186184	2.079045	2.110726	1.857655	2.113683	1.920257	2.051652	2.102983	2.013235	2.068317	1.941415	2.005243	2.006847	1.971170	2.116561	1.884800	1.864209	1.934576	1.999034	1.897324	2.004272	1.959836	1.984975	2.010238
0.852632	2.176792	2.122563	2.144198	1.890471	2.142205	1.946737	2.088521	2.129274	2.038899	2.097830	1.977615	2.037850	2.039402	2.003034	2.150669	1.910251	1.888370	1.958083	2.029949	1.925361	2.027712	1.985986	2.009554	2.033167
0.856140	2.166364	2.168114	2.177646	1.924014	2.170909	1.974033	2.125537	2.155756	2.065051	2.127736	2.014947	2.070954	2.072596	2.035480	2.185128	1.936092	1.913205	1.982276	2.061591	1.954508	2.051883	2.013175	2.034833	2.056815
0.859649	2.154798	2.215697	2.210896	1.958186	2.199717	2.002083	2.162591	2.182370	2.091630	2.157972	2.053260	2.104449	2.106323	2.068393	2.219811	1.962206	1.938599	2.007040	2.093888	1.984697	2.076757	2.041360	2.060742	2.081153
0.863158	2.141994	2.265302	2.243769	1.992875	2.228542	2.030810	2.199565	2.209051	2.118564	2.188466	2.092384	2.138215	2.140463	2.101644	2.254576	1.988465	1.964426	2.032247	2.126755	2.015843	2.102288	2.070482	2.087196	2.106132
0.866667	2.127852	2.316910	2.276079	2.027952	2.257281	2.060124	2.236332	2.235719	2.145760	2.219129	2.132128	2.172115	2.174879	2.135095	2.289267	2.014731	1.990546	2.057760	2.160088	2.047838	2.128414	2.100464	2.114098	2.131686
0.870175	2.112278	2.370488	2.307634	2.063275	2.285819	2.089914	2.272753	2.262285	2.173113	2.249858	2.172283	2.205998	2.209424	2.168594	2.323720	2.040860	2.016811	2.083429	2.193764	2.080557	2.155054	2.131204	2.141333	2.157732
0.873684	2.095183	2.425984	2.338241	2.098686	2.314027	2.120057	2.308682	2.288646	2.200500	2.280532	2.212621	2.239700	2.243932	2.201980	2.357758	2.066699	2.043062	2.109095	2.227646	2.113854	2.182111	2.162585	2.168776	2.184165
0.877193	2.076489	2.483321	2.367704	2.134014	2.341763	2.150412	2.343964	2.314690	2.227783	2.311016	2.252900	2.273040	2.278226	2.235081	2.391192	2.092085	2.069133	2.134589	2.261574	2.147562	2.209466	2.194466	2.196285	2.210860
0.880702	2.056126	2.542396	2.395824	2.169072	2.368872	2.180820	2.378432	2.340289	2.254809	2.341159	2.292859	2.305827	2.312113	2.267714	2.423828	2.116851	2.094846	2.159734	2.295373	2.181496	2.236982	2.226684	2.223704	2.237673
0.884211	2.034036	2.603072	2.422404	2.203661	2.395187	2.211111	2.411911	2.365306	2.281411	2.370794	2.332227	2.337856	2.345390	2.299689	2.455460	2.140823	2.120020	2.184344	2.328850	2.215451	2.264504	2.259059	2.250865	2.264441
0.887719	2.010175	2.665173	2.447249	2.237569	2.420529	2.241095	2.444217	2.389589	2.307409	2.399739	2.370721	2.368915	2.377838	2.330806	2.485879	2.163822	2.144466	2.208228	2.361794	2.249205	2.291856	2.291388	2.277589	2.290982
0.891228	1.984513	2.728477	2.470164	2.270575	2.444710	2.270570	2.475158	2.412977	2.332611	2.427799	2.408050	2.398778	2.409231	2.360860	2.514866	2.185665	2.167990	2.231189	2.393979	2.282519	2.318845	2.323451	2.303682	2.317094
0.894737	1.957036	2.792717	2.490961	2.302445	2.467534	2.299322	2.504535	2.435296	2.356815	2.454766	2.443916	2.427217	2.439330	2.389638	2.542203	2.206166	2.190393	2.253027	2.425166	2.315141	2.345261	2.355012	2.328942	2.342560
0.898246	1.927742	2.857572	2.509453	2.332942	2.488796	2.327126	2.532143	2.456364	2.379810	2.480421	2.478019	2.453997	2.467892	2.416926	2.567667	2.225137	2.211478	2.273538	2.455100	2.346806	2.370880	2.385815	2.353159	2.367151
0.901754	1.896648	2.922667	2.525463	2.361819	2.508288	2.353745	2.557770	2.475991	2.401380	2.504535	2.510056	2.478878	2.494666	2.442504	2.591036	2.242389	2.231042	2.292518	2.483520	2.377239	2.395463	2.415596	2.376113	2.390621
0.905263	1.863784	2.987570	2.538820	2.388829	2.525797	2.378937	2.581203	2.493979	2.421304	2.526873	2.539730	2.501622	2.519397	2.466152	2.612089	2.257737	2.248886	2.309764	2.510155	2.406158	2.418760	2.444075	2.397581	2.412716
0.908772	1.829196	3.051791	2.549362	2.413722	2.541111	2.402455	2.602226	2.510125	2.439360	2.547196	2.566747	2.521993	2.541832	2.487651	2.630608	2.270997	2.264813	2.325073	2.534728	2.433276	2.440513	2.470967	2.417336	2.433174
0.912281	1.792941	3.114786	2.556937	2.436251	2.554017	2.424047	2.620626	2.524225	2.455325	2.565261	2.590822	2.539758	2.561716	2.506786	2.646381	2.281989	2.278630	2.338248	2.556961	2.458304	2.460456	2.495980	2.435148	2.451730
0.915789	1.755091	3.175958	2.561404	2.456171	2.564309	2.443464	2.636188	2.536071	2.468980	2.580828	2.611682	2.554691	2.578802	2.523343	2.659206	2.290540	2.290150	2.349097	2.576577	2.480956	2.478322	2.518818	2.450790	2.468116
0.919298	1.715729	3.234661	2.562635	2.473247	2.571784	2.460457	2.648706	2.545459	2.480114	2.593659	2.629067	2.566575	2.592848	2.537119	2.668887	2.296486	2.299192	2.357435	2.593305	2.500952	2.493844	2.539190	2.464037	2.482067
0.922807	1.674949	3.290209	2.560517	2.487251	2.576252	2.474784	2.657979	2.552190	2.488520	2.603524	2.642736	2.575206	2.603623	2.547917	2.675243	2.299671	2.305588	2.363088	2.606879	2.518018	2.506758	2.556807	2.474672	2.493322
0.926316	1.632851	3.341884	2.554950	2.497969	2.577532	2.486213	2.663818	2.556070	2.494006	2.610201	2.652468	2.580394	2.610908	2.555553	2.678105	2.299952	2.309179	2.365890	2.617047	2.531894	2.516809	2.571388	2.482485	2.501632
0.929825	1.589546	3.388943	2.545851	2.505202	2.575457	2.494522	2.666045	2.556915	2.496391	2.613484	2.658065	2.581966	2.614503	2.559853	2.677322	2.297198	2.309819	2.365693	2.623571	2.542335	2.523751	2.582665	2.487277	2.506757
0.933333	1.545149	3.430638	2.533153	2.508770	2.569878	2.499503	2.664497	2.554554	2.495512	2.613179	2.659352	2.579769	2.614224	2.560663	2.672759	2.291295	2.307378	2.362360	2.626232	2.549113	2.527352	2.590386	2.488862	2.508477
0.936842	1.499779	3.466219	2.516810	2.508512	2.560665	2.500967	2.659029	2.548829	2.491222	2.609114	2.656185	2.573670	2.609911	2.557843	2.664303	2.282144	2.301743	2.355771	2.624834	2.552023	2.527401	2.594316	2.487073	2.506588
0.940351	1.453560	3.494956	2.496792	2.504289	2.547710	2.498746	2.649518	2.539603	2.483396	2.601139	2.648447	2.563562	2.601426	2.551272	2.651862	2.269665	2.292816	2.345826	2.619204	2.550885	2.523704	2.594245	2.481759	2.500912
0.943860	1.406618	3.516153	2.473090	2.495990	2.530925	2.492691	2.635861	2.526755	2.471931	2.589126	2.636053	2.549361	2.588662	2.540853	2.635366	2.253798	2.280523	2.332443	2.609199	2.545546	2.516095	2.589987	2.472792	2.491293
0.947368	1.359078	3.529158	2.445715	2.483528	2.510251	2.482682	2.617981	2.510188	2.456748	2.572975	2.618950	2.531009	2.571536	2.526509	2.614772	2.234504	2.264807	2.315563	2.594706	2.535882	2.504434	2.581387	2.460064	2.477607
0.950877	1.311067	3.533388	2.414701	2.466846	2.485652	2.468625	2.595828	2.489829	2.437791	2.552615	2.597118	2.508480	2.549999	2.508187	2.590061	2.211765	2.245636	2.295148	2.575645	2.521801	2.488609	2.568320	2.443496	2.459759
0.954386	1.262713	3.528334	2.380100	2.445917	2.457123	2.450453	2.569380	2.465633	2.415035	2.528005	2.570573	2.481772	2.524033	2.485863	2.561241	2.185587	2.222997	2.271182	2.551971	2.503243	2.468541	2.550695	2.423032	2.437686
0.957895	1.214139	3.513582	2.341989	2.420742	2.424685	2.428132	2.538644	2.437577	2.388477	2.499136	2.539362	2.450917	2.493651	2.459534	2.528347	2.155997	2.196903	2.243676	2.523674	2.480185	2.444187	2.528457	2.398645	2.411359
0.961404	1.165468	3.488820	2.300464	2.391356	2.388388	2.401658	2.503659	2.405672	2.358145	2.466030	2.503569	2.415974	2.458902	2.429228	2.491443	2.123048	2.167390	2.212664	2.490784	2.452636	2.415534	2.501587	2.370338	2.380787
0.964912	1.116823	3.453853	2.255643	2.357824	2.348312	2.371057	2.464495	2.369956	2.324094	2.428745	2.463310	2.377031	2.419868	2.394999	2.450618	2.086816	2.134518	2.178203	2.453366	2.420644	2.382610	2.470106	2.338142	2.346011
0.968421	1.068322	3.408607	2.207666	2.320242	2.304565	2.336392	2.421252	2.330495	2.286406	2.387370	2.418734	2.334209	2.376665	2.356928	2.405990	2.047401	2.098370	2.140377	2.411522	2.384290	2.345474	2.434071	2.302117	2.307109
0.971930	1.020080	3.353140	2.156691	2.278735	2.257283	2.297752	2.374061	2.287385	2.245190	2.342027	2.370021	2.287653	2.329440	2.315124	2.357703	2.004923	2.059052	2.099295	2.365392	2.343689	2.304225	2.393579	2.262354	2.264195
0.975439	0.972211	3.287638	2.102898	2.233459	2.206629	2.255262	2.323085	2.240754	2.200581	2.292869	2.317383	2.237538	2.278373	2.269721	2.305928	1.959528	2.016694	2.055086	2.315151	2.298992	2.258993	2.348763	2.218973	2.217417
0.978947	0.924826	3.212420	2.046482	2.184597	2.152792	2.209074	2.268515	2.190753	2.152738	2.240082	2.261055	2.184064	2.223673	2.220880	2.250857	1.911382	1.971444	2.007905	2.261008	2.250380	2.209946	2.299795	2.172121	2.166954
0.982456	0.878030	3.127933	1.987658	2.132360	2.095984	2.159370	2.210569	2.137564	2.101845	2.183878	2.201302	2.127454	2.165578	2.168786	2.192708	1.860669	1.923475	1.957927	2.203203	2.198066	2.157280	2.246877	2.121971	2.113017
0.985965	0.831929	3.034745	1.926654	2.076979	2.036439	2.106359	2.149493	2.081392	2.048107	2.124497	2.138410	2.067954	2.104349	2.113646	2.131719	1.807593	1.872975	1.905347	2.142005	2.142289	2.101224	2.190248	2.068724	2.055847
0.989474	0.786620	2.933539	1.863711	2.018709	1.974411	2.050274	2.085552	2.022464	1.991746	2.062203	2.072682	2.005830	2.040273	2.055690	2.068146	1.752373	1.820151	1.850380	2.077709	2.083315	2.042034	2.130173	2.012601	1.995708
0.992982	0.742201	2.825096	1.799084	1.957825	1.910172	1.991370	2.019036	1.961030	1.933005	1.997280	2.004443	1.941361	1.973653	1.995164	2.002262	1.695243	1.765223	1.793255	2.010634	2.021432	1.979987	2.066947	1.953847	1.932888
0.996491	0.698763	2.710288	1.733034	1.894616	1.844004	1.929923	1.950250	1.897356	1.872138	1.930032	1.934027	1.874845	1.904813	1.932333	1.934354	1.636449	1.708426	1.734216	1.941115	1.956946	1.915387	2.000886	1.892723	1.867694
1.000000	0.656393	2.590057	1.665833	1.829384	1.776205	1.866223	1.879513	1.831726	1.809413	1.860776	1.861779	1.806587	1.834085	1.867475	1.864719	1.576247	1.650005	1.673520	1.869506	1.890180	1.848550	1.932326	1.829507	1.800449
1.003509	0.615172	2.465400	1.597753	1.762442	1.707079	1.800576	1.807158	1.764434	1.745108	1.789843	1.788053	1.736902	1.761813	1.800879	1.793663	1.514898	1.590213	1.611430	1.796168	1.821467	1.779809	1.861619	1.764488	1.731488
1.007018	0.575177	2.337348	1.529073	1.694110	1.636934	1.733295	1.733523	1.695783	1.679507	1.717569	1.713204	1.666108	1.688347	1.732843	1.721498	1.452670	1.529309	1.548219	1.721473	1.751151	1.709507	1.789128	1.697967	1.661153
1.010526	0.536477	2.206954	1.460067	1.624709	1.566081	1.664702	1.658949	1.626082	1.612897	1.644296	1.637585	1.594528	1.614037	1.663670	1.648537	1.389833	1.467556	1.484161	1.645792	1.679579	1.637993	1.715225	1.630250	1.589791
1.014035	0.499137	2.075266	1.391011	1.554563	1.494831	1.595120	1.583781	1.555645	1.545566	1.570366	1.561549	1.522479	1.539234	1.593665	1.575093	1.326654	1.405216	1.419535	1.569499	1.607100	1.565616	1.640282	1.561646	1.517749
1.017544	0.463211	1.943315	1.322173	1.483992	1.423488	1.524875	1.508357	1.484783	1.477803	1.496119	1.485439	1.450276	1.464281	1.523135	1.501475	1.263399	1.342552	1.354614	1.492960	1.534061	1.492728	1.564675	1.492464	1.445372
1.021053	0.428748	1.812095	1.253814	1.413308	1.352350	1.454286	1.433011	1.413803	1.409888	1.421886	1.409589	1.378227	1.389514	1.452381	1.427987	1.200327	1.279822	1.289671	1.416533	1.460802	1.419672	1.488771	1.423013	1.372996
1.024561	0.395790	1.682549	1.186185	1.342816	1.281707	1.383669	1.358067	1.343006	1.342099	1.347991	1.334319	1.306628	1.315256	1.381700	1.354923	1.137690	1.217276	1.224970	1.340563	1.387654	1.346783	1.412930	1.353591	1.300948
1.028070	0.364368	1.555553	1.119527	1.272811	1.211833	1.313327	1.283834	1.272684	1.274701	1.274745	1.259935	1.235764	1.241818	1.311379	1.282564	1.075729	1.155157	1.160766	1.265381	1.314938	1.274386	1.337499	1.284491	1.229542
1.031579	0.334505	1.431909	1.054064	1.203570	1.142991	1.243553	1.210607	1.203115	1.207950	1.202443	1.186723	1.165904	1.169490	1.241694	1.211179	1.014672	1.093699	1.097305	1.191298	1.242956	1.202788	1.262812	1.215993	1.159073
1.035088	0.306216	1.312328	0.990009	1.135358	1.075424	1.174626	1.138664	1.134564	1.142088	1.131362	1.114951	1.097300	1.098545	1.172908	1.141021	0.954735	1.033122	1.034818	1.118605	1.171997	1.132281	1.189181	1.148365	1.089820
1.038596	0.279507	1.197432	0.927555	1.068418	1.009358	1.106807	1.068262	1.067278	1.077342	1.061759	1.044862	1.030184	1.029234	1.105269	1.072324	0.896118	0.973630	0.973521	1.047569	1.102328	1.063134	1.116899	1.081855	1.022041
1.042105	0.254374	1.087740	0.866877	1.002978	0.945000	1.040337	0.999633	1.001486	1.013921	0.993871	0.976679	0.964770	0.961782	1.039006	1.005303	0.839001	0.915416	0.913614	0.978432	1.034196	0.995598	1.046235	1.016697	0.955970
1.045614	0.230805	0.983675	0.808132	0.939240	0.882534	0.975439	0.932991	0.937395	0.952019	0.927910	0.910598	0.901249	0.896393	0.974331	0.940153	0.783549	0.858654	0.855280	0.911410	0.967823	0.929896	0.977435	0.953105	0.891817
1.049123	0.208780	0.885557	0.751457	0.877389	0.822123	0.912314	0.868520	0.875193	0.891810	0.864063	0.846793	0.839789	0.833245	0.911435	0.877046	0.729907	0.803501	0.798682	0.846693	0.903410	0.866228	0.910716	0.891270	0.829767
1.052632	0.188272	0.793610	0.696968	0.817583	0.763907	0.851139	0.806383	0.815044	0.833446	0.802494	0.785408	0.780537	0.772488	0.850488	0.816134	0.678202	0.750096	0.743963	0.784441	0.841132	0.804770	0.846269	0.831364	0.769981
1.056140	0.169243	0.707965	0.644762	0.759960	0.708005	0.792070	0.746716	0.757091	0.777064	0.743342	0.726566	0.723615	0.714249	0.791638	0.757544	0.628538	0.698559	0.691248	0.724788	0.781140	0.745670	0.784257	0.773536	0.712593
1.059649	0.151652	0.628663	0.594915	0.704635	0.654511	0.735239	0.689628	0.701452	0.722778	0.686718	0.670363	0.669124	0.658627	0.735012	0.701384	0.581002	0.648993	0.640640	0.667839	0.723557	0.689051	0.724816	0.717912	0.657711
1.063158	0.135450	0.555668	0.547482	0.651700	0.603500	0.680753	0.635206	0.648224	0.670681	0.632711	0.616870	0.617140	0.605697	0.680714	0.647734	0.535661	0.601480	0.592224	0.613674	0.668486	0.635008	0.668053	0.664597	0.605417
1.066667	0.120582	0.488869	0.502500	0.601223	0.555021	0.628698	0.583509	0.597479	0.620848	0.581384	0.566134	0.567719	0.555509	0.628828	0.596658	0.492563	0.556086	0.546062	0.562345	0.616002	0.583613	0.614048	0.613671	0.555772
1.070175	0.106991	0.428094	0.459986	0.553254	0.509107	0.579138	0.534575	0.549269	0.573335	0.532777	0.518182	0.520894	0.508091	0.579415	0.548195	0.451736	0.512858	0.502200	0.513880	0.566157	0.534914	0.562857	0.565195	0.508809
1.073684	0.094614	0.373118	0.419942	0.507821	0.465768	0.532114	0.488420	0.503625	0.528179	0.486907	0.473016	0.476680	0.463448	0.532515	0.502365	0.413194	0.471826	0.460664	0.468285	0.518984	0.488935	0.514509	0.519209	0.464542
1.077193	0.083385	0.323671	0.382349	0.464931	0.424997	0.487647	0.445036	0.460558	0.485398	0.443773	0.430621	0.435070	0.421564	0.488149	0.459170	0.376931	0.433004	0.421462	0.425543	0.474491	0.445678	0.469010	0.475732	0.422963
1.080702	0.073238	0.279449	0.347177	0.424575	0.386770	0.445739	0.404399	0.420059	0.444995	0.403351	0.390962	0.396043	0.382406	0.446321	0.418591	0.342928	0.396389	0.384586	0.385617	0.432667	0.405125	0.426347	0.434764	0.384046
1.084211	0.064104	0.240124	0.314380	0.386728	0.351047	0.406375	0.366465	0.382104	0.406957	0.365602	0.353988	0.359559	0.345923	0.407014	0.380597	0.311150	0.361965	0.350013	0.348453	0.393486	0.367241	0.386482	0.396289	0.347747
1.087719	0.055914	0.205349	0.283900	0.351349	0.317773	0.369521	0.331176	0.346650	0.371257	0.330470	0.319633	0.325566	0.312049	0.370200	0.345138	0.281552	0.329704	0.317707	0.313981	0.356903	0.331973	0.349365	0.360275	0.314006
1.091228	0.048599	0.174769	0.255667	0.318382	0.286883	0.335131	0.298459	0.313644	0.337854	0.297885	0.287819	0.293998	0.280706	0.335831	0.312153	0.254075	0.299564	0.287617	0.282117	0.322859	0.299254	0.314926	0.326675	0.282751
1.094737	0.042092	0.148029	0.229602	0.287761	0.258299	0.303144	0.268228	0.283018	0.306695	0.267765	0.258457	0.264777	0.251802	0.303850	0.281569	0.228653	0.271493	0.259684	0.252765	0.291281	0.269004	0.283082	0.295429	0.253896
1.098246	0.036326	0.124776	0.205619	0.259411	0.231936	0.273489	0.240390	0.254693	0.277719	0.240017	0.231447	0.237817	0.225238	0.274187	0.253303	0.205209	0.245430	0.233836	0.225822	0.262087	0.241131	0.253740	0.266467	0.227349
1.101754	0.031238	0.104667	0.183626	0.233244	0.207699	0.246084	0.214840	0.228583	0.250855	0.214541	0.206684	0.213024	0.200908	0.246763	0.227263	0.183660	0.221307	0.209996	0.201173	0.235185	0.215537	0.226795	0.239707	0.203007
1.105263	0.026766	0.087372	0.163522	0.209170	0.185490	0.220839	0.191469	0.204592	0.226023	0.191229	0.184055	0.190297	0.178697	0.221490	0.203351	0.163919	0.199046	0.188078	0.178700	0.210476	0.192115	0.202136	0.215062	0.180761
1.108772	0.022850	0.072581	0.145208	0.187089	0.165203	0.197659	0.170162	0.182620	0.203139	0.169968	0.163445	0.169532	0.158491	0.198273	0.181463	0.145892	0.178568	0.167993	0.158281	0.187853	0.170752	0.179646	0.192438	0.160498
1.112281	0.019437	0.059998	0.128578	0.166900	0.146733	0.176441	0.150800	0.162562	0.182112	0.150643	0.144735	0.150620	0.140168	0.177014	0.161492	0.129486	0.159787	0.149646	0.139790	0.167207	0.151333	0.159203	0.171733	0.142104
1.115789	0.016472	0.049355	0.113528	0.148498	0.129970	0.157081	0.133265	0.144311	0.162851	0.133135	0.127806	0.133450	0.123609	0.157609	0.143328	0.114603	0.142614	0.132939	0.123102	0.148426	0.133740	0.140682	0.152846	0.125462
1.119298	0.013909	0.040400	0.099953	0.131777	0.114804	0.139471	0.117436	0.127757	0.145259	0.117326	0.112538	0.117913	0.108693	0.139952	0.126859	0.101145	0.126959	0.117776	0.108092	0.131395	0.117854	0.123960	0.135671	0.110454
1.122807	0.011701	0.032907	0.087747	0.116629	0.101129	0.123504	0.103193	0.112789	0.129239	0.103099	0.098813	0.103897	0.095303	0.123937	0.111975	0.089016	0.112732	0.104057	0.094637	0.116000	0.103557	0.108913	0.120102	0.096964
1.126316	0.009806	0.026671	0.076810	0.102950	0.088835	0.109072	0.090421	0.099300	0.114693	0.090337	0.086515	0.091294	0.083321	0.109457	0.098566	0.078120	0.099839	0.091684	0.082614	0.102129	0.090733	0.095416	0.106033	0.084878
1.129825	0.008188	0.021510	0.067041	0.090633	0.077819	0.096067	0.079004	0.087182	0.101525	0.078927	0.075532	0.079997	0.072635	0.096405	0.086524	0.068363	0.088192	0.080559	0.071909	0.089670	0.079268	0.083351	0.093359	0.074087
1.133333	0.006811	0.017262	0.058345	0.079578	0.067980	0.084384	0.068831	0.076331	0.089639	0.068759	0.065754	0.069903	0.063136	0.084677	0.075743	0.059654	0.077702	0.070590	0.062407	0.078514	0.069052	0.072601	0.081978	0.064481
1.136842	0.005645	0.013784	0.050628	0.069685	0.059218	0.073922	0.059797	0.066643	0.078942	0.059728	0.057078	0.060913	0.054720	0.074173	0.066122	0.051906	0.068281	0.061683	0.054002	0.068557	0.059978	0.063055	0.071789	0.055960
1.140351	0.004660	0.010951	0.043804	0.060859	0.051442	0.064582	0.051799	0.058023	0.069343	0.051733	0.049405	0.052931	0.047287	0.064794	0.057562	0.045036	0.059846	0.053750	0.046592	0.059697	0.051945	0.054605	0.062695	0.048425
1.143860	0.003833	0.008658	0.037788	0.053009	0.044561	0.056269	0.044743	0.050377	0.060755	0.044678	0.042640	0.045865	0.040745	0.056445	0.049971	0.038962	0.052315	0.046708	0.040080	0.051838	0.044858	0.047151	0.054604	0.041784
1.147368	0.003140	0.006810	0.032502	0.046048	0.038492	0.048893	0.038537	0.043615	0.053093	0.038472	0.036695	0.039632	0.035006	0.049036	0.043260	0.033611	0.045613	0.040475	0.034377	0.044888	0.038625	0.040595	0.047427	0.035949
1.150877	0.002563	0.005330	0.027874	0.039893	0.033155	0.042368	0.033095	0.037655	0.046277	0.033032	0.031487	0.034149	0.029986	0.042482	0.037346	0.028911	0.039665	0.034976	0.029397	0.038763	0.033160	0.034849	0.041081	0.030840
1.154386	0.002084	0.004150	0.023833	0.034468	0.028478	0.036614	0.028341	0.032418	0.040232	0.028278	0.026940	0.029342	0.025611	0.036702	0.032149	0.024796	0.034402	0.030140	0.025065	0.033380	0.028386	0.029829	0.035487	0.026380
1.157895	0.001688	0.003216	0.020318	0.029701	0.024392	0.031555	0.024199	0.027831	0.034886	0.024137	0.022983	0.025140	0.021810	0.031621	0.027598	0.021206	0.029758	0.025900	0.021308	0.028664	0.024228	0.025458	0.030570	0.022499
1.161404	0.001362	0.002479	0.017270	0.025523	0.020832	0.027120	0.020602	0.023825	0.030171	0.020542	0.019550	0.021479	0.018519	0.027167	0.023625	0.018082	0.025674	0.022193	0.018060	0.024546	0.020618	0.021664	0.026262	0.019133
1.164912	0.001095	0.001901	0.014635	0.021875	0.017741	0.023245	0.017489	0.020338	0.026026	0.017431	0.016581	0.018299	0.015677	0.023276	0.020166	0.015374	0.022091	0.018964	0.015261	0.020961	0.017494	0.018381	0.022500	0.016223
1.168421	0.000876	0.001451	0.012366	0.018697	0.015066	0.019869	0.014804	0.017312	0.022391	0.014748	0.014022	0.015546	0.013233	0.019886	0.017165	0.013034	0.018959	0.016159	0.012858	0.017849	0.014800	0.015550	0.019223	0.013716
1.171930	0.000699	0.001102	0.010417	0.015937	0.012758	0.016937	0.012494	0.014694	0.019214	0.012440	0.011823	0.013169	0.011136	0.016943	0.014570	0.011017	0.016227	0.013730	0.010801	0.015156	0.012484	0.013116	0.016378	0.011562
1.175439	0.000555	0.000832	0.008748	0.013548	0.010772	0.014397	0.010514	0.012437	0.016445	0.010463	0.009940	0.011124	0.009344	0.014395	0.012331	0.009285	0.013852	0.011633	0.009046	0.012833	0.010499	0.011031	0.013915	0.009718
1.178947	0.000439	0.000625	0.007325	0.011485	0.009070	0.012205	0.008822	0.010496	0.014037	0.008774	0.008332	0.009370	0.007817	0.012195	0.010407	0.007803	0.011793	0.009829	0.007553	0.010836	0.008804	0.009249	0.011790	0.008144
1.182456	0.000346	0.000468	0.006115	0.009711	0.007614	0.010318	0.007381	0.008833	0.011951	0.007335	0.006963	0.007869	0.006520	0.010303	0.008758	0.006538	0.010014	0.008281	0.006288	0.009124	0.007360	0.007733	0.009962	0.006805
1.185965	0.000272	0.000348	0.005089	0.008188	0.006374	0.008699	0.006157	0.007412	0.010148	0.006115	0.005803	0.006590	0.005422	0.008680	0.007350	0.005462	0.008480	0.006957	0.005219	0.007660	0.006135	0.006446	0.008394	0.005669
1.189474	0.000213	0.000257	0.004223	0.006885	0.005320	0.007313	0.005121	0.006202	0.008594	0.005082	0.004821	0.005503	0.004495	0.007292	0.006150	0.004549	0.007162	0.005828	0.004318	0.006413	0.005099	0.005357	0.007053	0.004709
1.192982	0.000166	0.000190	0.003493	0.005773	0.004428	0.006131	0.004246	0.005175	0.007259	0.004211	0.003994	0.004583	0.003716	0.006109	0.005131	0.003778	0.006033	0.004868	0.003563	0.005354	0.004225	0.004440	0.005910	0.003900
1.196491	0.000129	0.000139	0.002881	0.004828	0.003675	0.005126	0.003511	0.004305	0.006115	0.003479	0.003298	0.003805	0.003062	0.005103	0.004269	0.003128	0.005068	0.004055	0.002930	0.004457	0.003490	0.003668	0.004938	0.003220
1.200000	0.000099	0.000101	0.002369	0.004026	0.003041	0.004274	0.002895	0.003571	0.005138	0.002865	0.002716	0.003150	0.002516	0.004251	0.003541	0.002583	0.004246	0.003368	0.002403	0.003700	0.002875	0.003021	0.004115	0.002651
