x	baseline	max	best	g0	g1	g2	g3	g4	0f0	0f10	0f20	1f0	1f10	1f20	2f0	2f10	2f20	3f0	3f10	3f20	4f0	4f10	4f20	5f0	5f10	5f20	6f0	6f10	6f20
0	0.000000	1.000000	-0.996051	-0.666667	-0.333333	0.000000	0.333333	0.666667	-3.706155	-4.241533	-4.241533	-3.592307	-4.241533	-4.241533	-2.952746	-3.900565	-4.905440	-5.895293	-1.921169	-3.848223	-1.858283	-4.241533	-3.384280	-3.848223	-4.357363	-3.848223	-4.163140	-4.241533	-3.848223
1	0.000000	1.000000	-0.925288	-0.666667	-0.333333	0.000000	0.333333	0.666667	-3.592307	-2.847496	-3.706155	-2.952746	-2.111035	-2.111035	-2.728787	-3.848223	-4.358341	-5.846952	-1.589118	-3.563483	-1.790826	-2.111035	-2.111035	-1.919851	-2.847496	-3.592307	-2.620062	-3.848223	-3.384280
2	0.000000	1.000000	-0.864587	-0.666667	-0.333333	0.000000	0.333333	0.666667	-2.531913	-2.111035	-2.620062	-2.531913	-1.589118	-1.749661	-2.620062	-3.384280	-3.563483	-2.129819	-1.587732	-1.845368	-1.555891	-1.921169	-1.764053	-1.764053	-1.587732	-1.919851	-1.535780	-3.384280	-3.284179
3	0.000000	1.000000	-0.827478	-0.666667	-0.333333	0.000000	0.333333	0.666667	-2.042744	-1.980274	-2.111035	-2.469720	-1.555891	-1.589118	-2.469720	-2.130667	-1.921169	-1.749661	-1.368255	-1.790826	-1.535780	-1.897271	-1.368255	-1.535780	-1.368255	-1.764053	-1.516355	-3.284179	-2.130667
4	0.000000	1.000000	-0.807577	-0.666667	-0.333333	0.000000	0.333333	0.666667	-1.738609	-1.921169	-1.980274	-2.111035	-1.535780	-1.516355	-2.042744	-2.129819	-1.738609	-1.589118	-1.058035	-1.749661	-1.444579	-1.535780	-1.120671	-1.516355	-1.291828	-1.749661	-1.461903	-2.130667	-2.111035
5	0.000000	1.000000	-0.765590	-0.666667	-0.333333	0.000000	0.333333	0.666667	-1.727214	-1.919851	-1.921169	-1.921169	-1.516355	-1.368255	-1.921169	-1.589118	-1.677167	-1.535780	-0.906646	-1.589118	-1.201960	-1.369814	-0.996051	-1.461903	-1.058035	-1.589118	-1.368255	-2.111035	-1.980274
6	0.000000	1.000000	-0.582693	-0.666667	-0.333333	0.000000	0.333333	0.666667	-1.703822	-1.764053	-1.727214	-1.749661	-1.368255	-1.291828	-1.899182	-1.535780	-1.640239	-1.461903	-0.902458	-1.461903	-1.097172	-1.368255	-0.895333	-1.444579	-0.996051	-1.461903	-1.067427	-1.921169	-1.921169
7	0.000000	1.000000	-0.481072	-0.666667	-0.333333	0.000000	0.333333	0.666667	-1.589118	-1.518827	-1.518827	-1.601497	-1.264414	-1.148953	-1.703822	-1.461903	-1.534777	-1.368255	-0.878140	-1.368255	-1.090749	-1.120671	-0.865535	-1.368255	-0.812022	-1.368255	-0.902458	-1.727214	-1.749661
8	0.000000	1.000000	-0.456942	-0.666667	-0.333333	0.000000	0.333333	0.666667	-1.555891	-1.445732	-1.368255	-1.587732	-1.249368	-1.067427	-1.587732	-1.369814	-1.368255	-1.249928	-0.837752	-1.277735	-1.088404	-1.088404	-0.790378	-1.249928	-0.790378	-1.291828	-0.790378	-1.555891	-1.368255
9	0.000000	1.000000	-0.430658	-0.666667	-0.333333	0.000000	0.333333	0.666667	-1.518827	-1.404290	-1.170100	-1.535780	-1.148953	-0.895333	-1.535780	-1.368255	-1.291828	-0.908850	-0.779228	-1.249928	-0.665296	-1.085890	-0.782505	-1.067427	-0.782505	-1.148953	-0.768583	-1.369814	-1.249928
10	0.000000	1.000000	-0.420621	-0.666667	-0.333333	0.000000	0.333333	0.666667	-1.445732	-1.368255	-1.148953	-1.516355	-1.067427	-0.837752	-1.516355	-1.282015	-1.264414	-0.875486	-0.778518	-1.077042	-0.652925	-1.077042	-0.740889	-0.902458	-0.731908	-1.133763	-0.731908	-1.368255	-1.149770
11	0.000000	1.000000	-0.415298	-0.666667	-0.333333	0.000000	0.333333	0.666667	-1.404290	-1.256139	-1.088404	-1.368255	-1.058035	-0.790378	-1.368255	-1.264414	-0.895333	-0.677325	-0.768583	-1.037419	-0.634776	-0.996051	-0.731908	-0.768583	-0.702324	-0.996051	-0.721609	-1.120671	-1.058035
12	0.000000	1.000000	-0.409489	-0.666667	-0.333333	0.000000	0.333333	0.666667	-1.368255	-1.170100	-1.058035	-1.088404	-0.837752	-0.782505	-1.264414	-1.097172	-0.875723	-0.665296	-0.712351	-0.895333	-0.549442	-0.902458	-0.706531	-0.731908	-0.687583	-0.895333	-0.631241	-1.085890	-0.996051
13	0.000000	1.000000	-0.376894	-0.666667	-0.333333	0.000000	0.333333	0.666667	-1.272135	-1.088404	-0.996051	-1.067427	-0.790378	-0.731908	-1.088404	-0.997671	-0.856600	-0.546330	-0.547722	-0.878140	-0.545627	-0.865535	-0.669232	-0.721609	-0.677325	-0.858789	-0.631026	-1.058035	-0.969994
14	0.000000	1.000000	-0.341696	-0.666667	-0.333333	0.000000	0.333333	0.666667	-1.256139	-0.996051	-0.906646	-0.962942	-0.789855	-0.702324	-1.067427	-0.896971	-0.801449	-0.508786	-0.526792	-0.837752	-0.542799	-0.790378	-0.545627	-0.631241	-0.631241	-0.812022	-0.582619	-0.996051	-0.895333
15	0.000000	1.000000	-0.328512	-0.666667	-0.333333	0.000000	0.333333	0.666667	-1.170100	-0.906646	-0.875723	-0.902458	-0.731908	-0.669232	-0.902458	-0.812022	-0.731908	-0.500930	-0.519049	-0.790378	-0.519049	-0.782505	-0.526792	-0.546330	-0.547722	-0.790378	-0.545627	-0.865535	-0.887606
16	0.000000	1.000000	-0.314394	-0.666667	-0.333333	0.000000	0.333333	0.666667	-1.148953	-0.895333	-0.865535	-0.837752	-0.637881	-0.631241	-0.837752	-0.789855	-0.712351	-0.428133	-0.500930	-0.778518	-0.513389	-0.549442	-0.500930	-0.542799	-0.546330	-0.731908	-0.542799	-0.790378	-0.865535
17	0.000000	1.000000	-0.304041	-0.666667	-0.333333	0.000000	0.333333	0.666667	-1.120836	-0.875723	-0.837752	-0.790378	-0.546330	-0.546330	-0.812022	-0.782505	-0.710131	-0.415298	-0.435330	-0.768583	-0.511114	-0.547722	-0.479938	-0.500930	-0.540159	-0.702324	-0.520562	-0.740889	-0.830343
18	0.000000	1.000000	-0.287395	-0.666667	-0.333333	0.000000	0.333333	0.666667	-1.088404	-0.875486	-0.830343	-0.768583	-0.542799	-0.542799	-0.710131	-0.702324	-0.677325	-0.395832	-0.428133	-0.712351	-0.479894	-0.546330	-0.430658	-0.404010	-0.537461	-0.687583	-0.511114	-0.702324	-0.812022
19	0.000000	1.000000	-0.252884	-0.666667	-0.333333	0.000000	0.333333	0.666667	-1.036152	-0.865535	-0.827478	-0.731908	-0.540159	-0.540159	-0.706531	-0.582619	-0.637881	-0.338451	-0.404426	-0.634776	-0.451318	-0.545627	-0.415298	-0.396547	-0.500930	-0.669232	-0.500930	-0.669232	-0.790378
20	0.000000	1.000000	-0.245889	-0.666667	-0.333333	0.000000	0.333333	0.666667	-0.906646	-0.837752	-0.768583	-0.631241	-0.500930	-0.519049	-0.676070	-0.546330	-0.582619	-0.304041	-0.400527	-0.601760	-0.395832	-0.513389	-0.400527	-0.369086	-0.483312	-0.631241	-0.430658	-0.546330	-0.782505
21	0.000000	1.000000	-0.244658	-0.666667	-0.333333	0.000000	0.333333	0.666667	-0.875723	-0.830343	-0.765590	-0.631026	-0.483312	-0.500930	-0.631241	-0.542799	-0.545331	-0.267337	-0.369086	-0.540159	-0.368970	-0.500930	-0.368579	-0.368970	-0.479938	-0.546330	-0.409489	-0.545331	-0.768583
22	0.000000	1.000000	-0.198799	-0.666667	-0.333333	0.000000	0.333333	0.666667	-0.875486	-0.827478	-0.749156	-0.540159	-0.463469	-0.483312	-0.631026	-0.500930	-0.479938	-0.219744	-0.368970	-0.526792	-0.368579	-0.479894	-0.290432	-0.368579	-0.459622	-0.540159	-0.369086	-0.544663	-0.761479
23	0.000000	1.000000	-0.159354	-0.666667	-0.333333	0.000000	0.333333	0.666667	-0.837752	-0.768583	-0.706531	-0.523202	-0.459622	-0.459622	-0.549442	-0.479938	-0.466795	-0.215359	-0.314394	-0.519049	-0.252884	-0.456942	-0.284062	-0.338451	-0.415298	-0.500930	-0.368579	-0.537461	-0.731908
24	0.000000	1.000000	-0.140145	-0.666667	-0.333333	0.000000	0.333333	0.666667	-0.830343	-0.765590	-0.637881	-0.500930	-0.457319	-0.457319	-0.546330	-0.463469	-0.450612	-0.200572	-0.304041	-0.506289	-0.231231	-0.415298	-0.252884	-0.332988	-0.400527	-0.483312	-0.316094	-0.430658	-0.706531
25	0.000000	1.000000	-0.131642	-0.666667	-0.333333	0.000000	0.333333	0.666667	-0.827478	-0.712351	-0.626906	-0.430927	-0.441630	-0.441630	-0.545627	-0.427090	-0.421444	-0.194312	-0.303245	-0.500930	-0.220828	-0.368579	-0.238563	-0.316094	-0.398944	-0.459622	-0.274806	-0.415298	-0.669232
26	0.000000	1.000000	-0.129141	-0.666667	-0.333333	0.000000	0.333333	0.666667	-0.781132	-0.706531	-0.618319	-0.368579	-0.409546	-0.400527	-0.542799	-0.409546	-0.409546	-0.194256	-0.290432	-0.435330	-0.219744	-0.328137	-0.231231	-0.304041	-0.396547	-0.441630	-0.209556	-0.409546	-0.546330
27	0.000000	1.000000	-0.126097	-0.666667	-0.333333	0.000000	0.333333	0.666667	-0.779228	-0.648418	-0.519049	-0.356399	-0.368970	-0.369086	-0.508786	-0.368579	-0.400527	-0.177727	-0.284062	-0.428133	-0.211728	-0.290432	-0.219744	-0.284062	-0.368970	-0.415298	-0.196193	-0.409489	-0.540159
28	0.000000	1.000000	-0.117073	-0.666667	-0.333333	0.000000	0.333333	0.666667	-0.765590	-0.637881	-0.479708	-0.341958	-0.368579	-0.368970	-0.506289	-0.301383	-0.341958	-0.172452	-0.267337	-0.400527	-0.196193	-0.238563	-0.211728	-0.257280	-0.368579	-0.400527	-0.167717	-0.400527	-0.537461
29	0.000000	1.000000	-0.115845	-0.666667	-0.333333	0.000000	0.333333	0.666667	-0.712351	-0.631026	-0.457319	-0.328568	-0.316094	-0.368579	-0.500930	-0.290432	-0.312490	-0.164113	-0.231231	-0.376713	-0.188912	-0.231231	-0.164113	-0.231231	-0.316094	-0.396547	-0.164113	-0.368579	-0.483312
30	0.000000	1.000000	-0.095882	-0.666667	-0.333333	0.000000	0.333333	0.666667	-0.626906	-0.626906	-0.430658	-0.319900	-0.304041	-0.316094	-0.466795	-0.272999	-0.290432	-0.126492	-0.219744	-0.369086	-0.167717	-0.219744	-0.143685	-0.209556	-0.304041	-0.368579	-0.143685	-0.314394	-0.459622
31	0.000000	1.000000	-0.061076	-0.666667	-0.333333	0.000000	0.333333	0.666667	-0.549442	-0.618319	-0.427090	-0.316094	-0.252884	-0.290432	-0.428133	-0.252884	-0.260720	-0.125309	-0.215359	-0.338451	-0.165088	-0.211728	-0.131642	-0.196193	-0.290432	-0.328137	-0.125972	-0.301383	-0.416264
32	0.000000	1.000000	-0.023314	-0.666667	-0.333333	0.000000	0.333333	0.666667	-0.520225	-0.582619	-0.415298	-0.304041	-0.244658	-0.252884	-0.334010	-0.244658	-0.252884	-0.121849	-0.211728	-0.328137	-0.164113	-0.164113	-0.126528	-0.167717	-0.284062	-0.316094	-0.122054	-0.290432	-0.400527
33	0.000000	1.000000	-0.022518	-0.666667	-0.333333	0.000000	0.333333	0.666667	-0.457319	-0.540159	-0.409489	-0.290432	-0.200572	-0.231231	-0.331627	-0.219744	-0.231231	-0.105690	-0.191313	-0.314394	-0.143685	-0.132074	-0.117073	-0.164113	-0.252884	-0.290432	-0.117073	-0.261240	-0.398944
34	0.000000	1.000000	0.006543	-0.666667	-0.333333	0.000000	0.333333	0.666667	-0.404010	-0.519049	-0.404010	-0.289677	-0.184260	-0.229433	-0.290432	-0.209591	-0.226842	-0.096154	-0.188912	-0.290432	-0.132074	-0.131642	-0.105690	-0.156861	-0.231231	-0.289677	-0.105690	-0.252884	-0.368579
35	0.000000	1.000000	0.006987	-0.666667	-0.333333	0.000000	0.333333	0.666667	-0.379457	-0.479938	-0.376096	-0.284062	-0.182382	-0.209591	-0.257280	-0.184260	-0.219744	-0.090890	-0.177727	-0.284062	-0.122054	-0.126097	-0.104947	-0.132074	-0.201300	-0.284062	-0.096154	-0.231231	-0.301383
36	0.000000	1.000000	0.023624	-0.666667	-0.333333	0.000000	0.333333	0.666667	-0.327793	-0.479708	-0.334010	-0.164113	-0.182301	-0.167717	-0.254844	-0.167717	-0.214419	-0.078153	-0.164113	-0.282882	-0.105690	-0.124304	-0.097338	-0.130103	-0.200572	-0.252884	-0.095882	-0.219744	-0.290432
37	0.000000	1.000000	0.036693	-0.666667	-0.333333	0.000000	0.333333	0.666667	-0.275583	-0.451059	-0.290432	-0.131642	-0.164113	-0.164113	-0.219744	-0.165088	-0.211728	-0.077138	-0.117073	-0.245889	-0.096154	-0.105690	-0.077138	-0.122054	-0.184260	-0.211728	-0.091799	-0.196021	-0.252884
38	0.000000	1.000000	0.045191	-0.666667	-0.333333	0.000000	0.333333	0.666667	-0.266357	-0.427090	-0.257280	-0.125972	-0.125972	-0.125972	-0.200572	-0.130103	-0.207761	-0.064562	-0.105690	-0.215359	-0.090474	-0.077138	-0.064562	-0.105690	-0.164113	-0.164113	-0.090474	-0.164113	-0.231231
39	0.000000	1.000000	0.050004	-0.666667	-0.333333	0.000000	0.333333	0.666667	-0.231231	-0.404010	-0.252884	-0.105690	-0.117073	-0.117073	-0.198799	-0.105690	-0.126492	-0.047126	-0.096154	-0.211728	-0.068143	-0.064562	-0.048375	-0.096154	-0.120578	-0.151970	-0.064562	-0.132074	-0.227902
40	0.000000	1.000000	0.058696	-0.666667	-0.333333	0.000000	0.333333	0.666667	-0.219744	-0.379457	-0.231231	-0.096154	-0.096154	-0.105690	-0.196193	-0.096154	-0.096154	-0.045657	-0.077138	-0.188912	-0.064562	-0.048375	-0.026376	-0.051638	-0.117073	-0.135636	-0.048375	-0.131642	-0.219744
41	0.000000	1.000000	0.061727	-0.666667	-0.333333	0.000000	0.333333	0.666667	-0.211728	-0.376096	-0.215976	-0.090474	-0.095882	-0.104947	-0.164113	-0.064562	-0.070102	-0.026376	-0.066405	-0.164113	-0.061076	-0.048268	0.006987	-0.048375	-0.105690	-0.131642	-0.048005	-0.126528	-0.132074
42	0.000000	1.000000	0.064202	-0.666667	-0.333333	0.000000	0.333333	0.666667	-0.195582	-0.369450	-0.196193	-0.064562	-0.064562	-0.096154	-0.159354	-0.061076	-0.064562	-0.026337	-0.065432	-0.151970	-0.057004	-0.001279	0.009544	-0.029545	-0.096154	-0.121849	-0.006477	-0.112465	-0.131642
43	0.000000	1.000000	0.066040	-0.666667	-0.333333	0.000000	0.333333	0.666667	-0.191313	-0.334010	-0.191393	-0.051638	-0.061076	-0.095882	-0.132074	-0.023506	-0.048268	-0.023314	-0.065049	-0.131642	-0.051638	0.005292	0.010515	0.005292	-0.095882	-0.116162	-0.001279	-0.105690	-0.126528
44	0.000000	1.000000	0.067040	-0.666667	-0.333333	0.000000	0.333333	0.666667	-0.172452	-0.292194	-0.191313	-0.048375	-0.057004	-0.064562	-0.125972	-0.003435	-0.023874	-0.001135	-0.064562	-0.125383	-0.048375	0.006987	0.020552	0.010515	-0.091799	-0.105690	0.005292	-0.091799	-0.125972
45	0.000000	1.000000	0.068767	-0.666667	-0.333333	0.000000	0.333333	0.666667	-0.149231	-0.275583	-0.165088	-0.048005	-0.048375	-0.062564	-0.112465	0.014557	-0.023506	0.021239	-0.057004	-0.114494	-0.045164	0.009544	0.027774	0.014557	-0.064562	-0.104919	0.006987	-0.071991	-0.112465
46	0.000000	1.000000	0.077560	-0.666667	-0.333333	0.000000	0.333333	0.666667	-0.126492	-0.257280	-0.117073	-0.028880	-0.045657	-0.057004	-0.106777	0.020552	-0.009880	0.026004	-0.048375	-0.097338	-0.026376	0.020552	0.030527	0.020552	-0.057004	-0.096154	0.013862	-0.064562	-0.110467
47	0.000000	1.000000	0.083016	-0.666667	-0.333333	0.000000	0.333333	0.666667	-0.122054	-0.219744	-0.104947	-0.026376	-0.026376	-0.048375	-0.105690	0.027774	-0.003435	0.033593	-0.026376	-0.096154	-0.026337	0.022846	0.042118	0.023744	-0.048375	-0.064562	0.014557	-0.060746	-0.105690
48	0.000000	1.000000	0.084637	-0.666667	-0.333333	0.000000	0.333333	0.666667	-0.117073	-0.211728	-0.097338	0.005292	-0.001279	-0.045657	-0.096154	0.028279	0.008901	0.041196	0.020552	-0.077138	-0.012269	0.027774	0.045191	0.033083	-0.028012	-0.057004	0.020552	-0.048375	-0.096154
49	0.000000	1.000000	0.111322	-0.666667	-0.333333	0.000000	0.333333	0.666667	-0.110476	-0.196193	-0.096154	0.010515	0.008901	-0.026376	-0.069017	0.042118	0.020552	0.049221	0.021239	-0.065049	-0.006477	0.030527	0.057999	0.035957	-0.012361	-0.048375	0.033083	-0.006477	-0.091799
50	0.000000	1.000000	0.120382	-0.666667	-0.333333	0.000000	0.333333	0.666667	-0.096901	-0.191393	-0.095882	0.014557	0.027774	0.020552	-0.064562	0.045180	0.027774	0.057999	0.021444	-0.064562	-0.001279	0.042118	0.071824	0.048304	-0.001279	-0.045657	0.049221	0.009544	-0.071991
51	0.000000	1.000000	0.120538	-0.666667	-0.333333	0.000000	0.333333	0.666667	-0.096154	-0.191313	-0.067502	0.020552	0.035957	0.022846	-0.048375	0.049221	0.030527	0.061727	0.022846	-0.048375	0.005292	0.042695	0.080389	0.049221	0.005292	-0.012361	0.057999	0.020552	-0.064562
52	0.000000	1.000000	0.133065	-0.666667	-0.333333	0.000000	0.333333	0.666667	-0.093008	-0.117073	-0.048375	0.022846	0.045191	0.023624	-0.048005	0.080389	0.036693	0.080389	0.027774	-0.026376	0.010515	0.048304	0.082198	0.057999	0.009544	0.005292	0.080389	0.027774	-0.052203
53	0.000000	1.000000	0.163211	-0.666667	-0.333333	0.000000	0.333333	0.666667	-0.091013	-0.104947	-0.048268	0.033083	0.049221	0.030527	-0.026376	0.082198	0.044097	0.100720	0.036236	0.009544	0.022846	0.051065	0.084981	0.088925	0.020552	0.006987	0.100720	0.042118	-0.048375
54	0.000000	1.000000	0.166154	-0.666667	-0.333333	0.000000	0.333333	0.666667	-0.048268	-0.096154	-0.047126	0.033593	0.057355	0.035957	-0.001279	0.100720	0.049221	0.185820	0.048304	0.020552	0.049221	0.057999	0.100720	0.104264	0.022846	0.009544	0.119885	0.045191	-0.041393
55	0.000000	1.000000	0.167212	-0.666667	-0.333333	0.000000	0.333333	0.666667	-0.041393	-0.095882	-0.031368	0.042695	0.082198	0.042118	0.005292	0.100992	0.057355	0.199028	0.057999	0.021239	0.088925	0.080389	0.130630	0.130630	0.027774	0.020552	0.137390	0.057999	-0.006477
56	0.000000	1.000000	0.178824	-0.666667	-0.333333	0.000000	0.333333	0.666667	-0.021223	-0.048375	-0.021223	0.042871	0.097456	0.045191	0.020552	0.128126	0.059886	0.202882	0.066040	0.021444	0.090354	0.082198	0.137390	0.144150	0.042118	0.030527	0.155109	0.080389	0.006987
57	0.000000	1.000000	0.189800	-0.666667	-0.333333	0.000000	0.333333	0.666667	-0.012269	-0.048268	-0.012361	0.048304	0.100720	0.049221	0.033083	0.155109	0.066470	0.226199	0.080389	0.022846	0.122351	0.083016	0.143085	0.155109	0.045191	0.042118	0.155141	0.082198	0.010515
58	0.000000	1.000000	0.196154	-0.666667	-0.333333	0.000000	0.333333	0.666667	-0.004509	-0.047126	0.006987	0.049221	0.120471	0.057999	0.048304	0.160285	0.071292	0.226598	0.082198	0.027774	0.127319	0.090354	0.145347	0.166993	0.049221	0.045191	0.157152	0.100720	0.020552
59	0.000000	1.000000	0.199028	-0.666667	-0.333333	0.000000	0.333333	0.666667	0.021239	-0.031368	0.013862	0.057999	0.122351	0.066470	0.049221	0.173032	0.080389	0.226954	0.100720	0.036236	0.143085	0.100720	0.155109	0.185820	0.056534	0.049221	0.170555	0.104134	0.030527
60	0.000000	1.000000	0.202882	-0.666667	-0.333333	0.000000	0.333333	0.666667	0.022846	-0.021223	0.015706	0.082198	0.155109	0.082198	0.057999	0.179285	0.082198	0.232926	0.128126	0.057999	0.149410	0.112349	0.157152	0.212970	0.080389	0.057999	0.185820	0.127953	0.042118
61	0.000000	1.000000	0.212800	-0.666667	-0.333333	0.000000	0.333333	0.666667	0.031406	-0.012361	0.020552	0.088925	0.156587	0.100720	0.069598	0.182222	0.097456	0.235735	0.137390	0.080389	0.155109	0.119885	0.170555	0.214217	0.082198	0.062871	0.199028	0.130630	0.045191
62	0.000000	1.000000	0.213459	-0.666667	-0.333333	0.000000	0.333333	0.666667	0.042871	-0.012269	0.027774	0.097456	0.160285	0.145347	0.082198	0.200860	0.100720	0.242168	0.142099	0.082198	0.157152	0.130630	0.190652	0.237462	0.100720	0.080389	0.214217	0.140263	0.049221
63	0.000000	1.000000	0.218905	-0.666667	-0.333333	0.000000	0.333333	0.666667	0.049221	0.006987	0.049221	0.119235	0.170555	0.155109	0.127319	0.212970	0.101510	0.316419	0.143085	0.100720	0.185820	0.145347	0.237462	0.239984	0.155109	0.082198	0.239984	0.155109	0.059886
64	0.000000	1.000000	0.220673	-0.666667	-0.333333	0.000000	0.333333	0.666667	0.054970	0.013862	0.071824	0.140757	0.173032	0.160285	0.129771	0.216773	0.120538	0.324375	0.147033	0.142099	0.193252	0.153127	0.237650	0.295955	0.160285	0.100720	0.242168	0.173032	0.079300
65	0.000000	1.000000	0.226954	-0.666667	-0.333333	0.000000	0.333333	0.666667	0.062871	0.015706	0.080389	0.154083	0.216773	0.173032	0.155109	0.216990	0.128126	0.331993	0.157152	0.143085	0.199028	0.155109	0.242168	0.315082	0.170555	0.155109	0.258747	0.177555	0.080389
66	0.000000	1.000000	0.235735	-0.666667	-0.333333	0.000000	0.333333	0.666667	0.066040	0.020552	0.081425	0.155109	0.237650	0.193252	0.170555	0.227204	0.147033	0.336975	0.178824	0.155109	0.212970	0.166993	0.258747	0.321877	0.193252	0.160285	0.271049	0.200860	0.081425
67	0.000000	1.000000	0.239984	-0.666667	-0.333333	0.000000	0.333333	0.666667	0.080389	0.027774	0.082198	0.166993	0.239984	0.201167	0.185820	0.237650	0.159319	0.348055	0.189800	0.157152	0.218905	0.170555	0.302223	0.324375	0.200860	0.170555	0.271215	0.216773	0.082198
68	0.000000	1.000000	0.242168	-0.666667	-0.333333	0.000000	0.333333	0.666667	0.082198	0.031406	0.097066	0.193252	0.258747	0.212970	0.189800	0.245374	0.166154	0.349050	0.193252	0.178824	0.227063	0.190652	0.302623	0.327545	0.216773	0.179285	0.315082	0.227179	0.100720
69	0.000000	1.000000	0.258747	-0.666667	-0.333333	0.000000	0.333333	0.666667	0.083016	0.036693	0.111322	0.199028	0.266278	0.237650	0.226208	0.247405	0.173032	0.360036	0.218905	0.189800	0.252118	0.193252	0.307438	0.330962	0.237650	0.189800	0.327545	0.237145	0.104134
70	0.000000	1.000000	0.262188	-0.666667	-0.333333	0.000000	0.333333	0.666667	0.097066	0.057999	0.130630	0.247004	0.271049	0.239984	0.227179	0.258747	0.189800	0.374544	0.229594	0.193252	0.253641	0.237462	0.323376	0.334280	0.239984	0.237462	0.330962	0.237462	0.127953
71	0.000000	1.000000	0.284828	-0.666667	-0.333333	0.000000	0.333333	0.666667	0.102007	0.080389	0.142099	0.258747	0.271215	0.242168	0.235735	0.271215	0.212970	0.381182	0.242168	0.199028	0.258747	0.253641	0.324375	0.342545	0.242168	0.237650	0.348055	0.237650	0.136695
72	0.000000	1.000000	0.302623	-0.666667	-0.333333	0.000000	0.333333	0.666667	0.111322	0.081425	0.152429	0.261229	0.279929	0.243805	0.243644	0.275025	0.215458	0.381677	0.284828	0.207991	0.276636	0.258747	0.325720	0.347099	0.253641	0.239984	0.349050	0.258747	0.143085
73	0.000000	1.000000	0.308459	-0.666667	-0.333333	0.000000	0.333333	0.666667	0.122351	0.082198	0.155109	0.271049	0.302223	0.258747	0.247004	0.312167	0.216990	0.397408	0.302223	0.229594	0.316419	0.302223	0.330962	0.348055	0.258747	0.242168	0.358948	0.266278	0.145347
74	0.000000	1.000000	0.312167	-0.666667	-0.333333	0.000000	0.333333	0.666667	0.152429	0.097066	0.159319	0.271215	0.317199	0.271215	0.258747	0.316419	0.237650	0.405931	0.306382	0.237462	0.320126	0.302623	0.334280	0.349050	0.271049	0.253641	0.360036	0.271215	0.153127
75	0.000000	1.000000	0.312812	-0.666667	-0.333333	0.000000	0.333333	0.666667	0.155109	0.120382	0.162094	0.279929	0.335051	0.302223	0.261645	0.330962	0.247405	0.407022	0.307438	0.237650	0.327545	0.320126	0.335051	0.349411	0.271215	0.271215	0.375452	0.302223	0.154348
76	0.000000	1.000000	0.320126	-0.666667	-0.333333	0.000000	0.333333	0.666667	0.159319	0.127382	0.185820	0.302223	0.348055	0.302623	0.269855	0.342450	0.257993	0.409991	0.320126	0.242168	0.336975	0.323376	0.336975	0.360036	0.279929	0.302223	0.387341	0.306382	0.155109
77	0.000000	1.000000	0.321848	-0.666667	-0.333333	0.000000	0.333333	0.666667	0.170555	0.152429	0.189800	0.311642	0.360036	0.317199	0.271215	0.347099	0.258747	0.427637	0.334280	0.253641	0.348055	0.324375	0.348055	0.380263	0.302223	0.302623	0.397408	0.311191	0.170555
78	0.000000	1.000000	0.323119	-0.666667	-0.333333	0.000000	0.333333	0.666667	0.185820	0.155109	0.199028	0.312167	0.367068	0.335051	0.276636	0.348055	0.271215	0.435028	0.342545	0.267432	0.349556	0.326047	0.358165	0.381677	0.324375	0.323376	0.400405	0.323376	0.189800
79	0.000000	1.000000	0.323376	-0.666667	-0.333333	0.000000	0.333333	0.666667	0.193825	0.159319	0.213528	0.315082	0.367512	0.348055	0.308459	0.355096	0.284828	0.440390	0.348055	0.284828	0.353924	0.330962	0.360036	0.397408	0.330962	0.335051	0.407022	0.324375	0.190652
80	0.000000	1.000000	0.328108	-0.666667	-0.333333	0.000000	0.333333	0.666667	0.218905	0.177555	0.237650	0.327545	0.381182	0.360036	0.311642	0.360036	0.312236	0.445475	0.366472	0.301739	0.354196	0.331993	0.360952	0.400405	0.335051	0.336975	0.409991	0.330962	0.213459
81	0.000000	1.000000	0.331993	-0.666667	-0.333333	0.000000	0.333333	0.666667	0.226199	0.185820	0.247004	0.348055	0.385420	0.381182	0.315082	0.365709	0.327545	0.449078	0.374544	0.302223	0.355570	0.338638	0.376481	0.401319	0.342545	0.348055	0.413324	0.335051	0.227179
82	0.000000	1.000000	0.334092	-0.666667	-0.333333	0.000000	0.333333	0.666667	0.232926	0.189800	0.266278	0.349411	0.392048	0.385636	0.327545	0.367068	0.336993	0.456137	0.381182	0.307438	0.360036	0.348055	0.381182	0.407022	0.348055	0.349411	0.418043	0.348055	0.237145
83	0.000000	1.000000	0.334280	-0.666667	-0.333333	0.000000	0.333333	0.666667	0.242168	0.213528	0.312167	0.360036	0.399262	0.392048	0.335051	0.367512	0.343274	0.458000	0.385854	0.324375	0.368687	0.358165	0.385854	0.418043	0.381182	0.355096	0.418559	0.360036	0.237650
84	0.000000	1.000000	0.342959	-0.666667	-0.333333	0.000000	0.333333	0.666667	0.247004	0.226954	0.315667	0.381182	0.399403	0.399262	0.335301	0.371873	0.348055	0.458668	0.401319	0.327545	0.397408	0.360036	0.399403	0.424248	0.385420	0.358948	0.424248	0.360952	0.242168
85	0.000000	1.000000	0.348562	-0.666667	-0.333333	0.000000	0.333333	0.666667	0.253641	0.237650	0.324375	0.397408	0.405573	0.399403	0.342450	0.405573	0.385420	0.460177	0.405573	0.334280	0.413324	0.360952	0.405573	0.426755	0.399262	0.364483	0.449078	0.364483	0.258747
86	0.000000	1.000000	0.351738	-0.666667	-0.333333	0.000000	0.333333	0.666667	0.311191	0.247004	0.334280	0.407022	0.428418	0.405297	0.348055	0.408738	0.392206	0.463001	0.405931	0.336975	0.423164	0.381182	0.407022	0.449078	0.399403	0.381182	0.452875	0.367068	0.296755
87	0.000000	1.000000	0.361086	-0.666667	-0.333333	0.000000	0.333333	0.666667	0.312167	0.266278	0.335051	0.408545	0.429378	0.405573	0.348894	0.424248	0.399403	0.470881	0.408545	0.347099	0.424248	0.398035	0.449078	0.452875	0.405573	0.385636	0.456137	0.381677	0.298368
88	0.000000	1.000000	0.376104	-0.666667	-0.333333	0.000000	0.333333	0.666667	0.327164	0.271215	0.343274	0.409991	0.436506	0.407022	0.358165	0.429378	0.401319	0.489226	0.427637	0.349411	0.446317	0.405573	0.456137	0.456137	0.423164	0.385854	0.458668	0.399403	0.302223
89	0.000000	1.000000	0.377558	-0.666667	-0.333333	0.000000	0.333333	0.666667	0.335051	0.309378	0.346583	0.416560	0.441371	0.418559	0.360036	0.433503	0.405573	0.492366	0.429378	0.349884	0.452198	0.427637	0.458668	0.458668	0.427637	0.392048	0.487636	0.405573	0.302623
90	0.000000	1.000000	0.381677	-0.666667	-0.333333	0.000000	0.333333	0.666667	0.335301	0.315667	0.358948	0.418559	0.449078	0.423164	0.363253	0.441371	0.408738	0.497486	0.435932	0.358948	0.452875	0.456137	0.480987	0.460177	0.449078	0.399262	0.492366	0.427637	0.324375
91	0.000000	1.000000	0.388328	-0.666667	-0.333333	0.000000	0.333333	0.666667	0.336975	0.324375	0.360036	0.424248	0.452426	0.449078	0.381182	0.449078	0.418559	0.501790	0.440390	0.366472	0.456137	0.487636	0.487636	0.462105	0.452426	0.405573	0.492950	0.449078	0.330962
92	0.000000	1.000000	0.405297	-0.666667	-0.333333	0.000000	0.333333	0.666667	0.343274	0.325720	0.365263	0.452875	0.456137	0.452426	0.385636	0.456137	0.423164	0.505294	0.441371	0.374544	0.462105	0.492366	0.492366	0.474619	0.456137	0.418559	0.505294	0.456137	0.335051
93	0.000000	1.000000	0.407022	-0.666667	-0.333333	0.000000	0.333333	0.666667	0.348413	0.327545	0.367068	0.458668	0.458668	0.460177	0.397408	0.481541	0.431800	0.512156	0.449078	0.381182	0.463001	0.494978	0.495969	0.487636	0.458668	0.423164	0.506460	0.458668	0.344690
94	0.000000	1.000000	0.408278	-0.666667	-0.333333	0.000000	0.333333	0.666667	0.358165	0.335051	0.374544	0.462105	0.460177	0.481783	0.399403	0.487636	0.433503	0.531459	0.456137	0.385854	0.481541	0.497486	0.497486	0.492366	0.462105	0.427637	0.540793	0.460052	0.348055
95	0.000000	1.000000	0.413981	-0.666667	-0.333333	0.000000	0.333333	0.666667	0.374544	0.339489	0.376512	0.481783	0.474619	0.492366	0.405573	0.492366	0.435028	0.551240	0.458668	0.392048	0.492366	0.500324	0.504098	0.492950	0.463528	0.449078	0.551925	0.462105	0.357569
96	0.000000	1.000000	0.418317	-0.666667	-0.333333	0.000000	0.333333	0.666667	0.376512	0.343274	0.385420	0.491758	0.492366	0.495927	0.408738	0.492950	0.449078	0.555125	0.460177	0.405573	0.492950	0.505294	0.505294	0.494978	0.492366	0.452426	0.558296	0.487636	0.364483
97	0.000000	1.000000	0.426925	-0.666667	-0.333333	0.000000	0.333333	0.666667	0.384990	0.346583	0.429378	0.492366	0.495969	0.495969	0.409991	0.494978	0.456137	0.560181	0.489226	0.405931	0.494978	0.505905	0.513717	0.497486	0.494978	0.456137	0.562570	0.492366	0.381182
98	0.000000	1.000000	0.435028	-0.666667	-0.333333	0.000000	0.333333	0.666667	0.385420	0.348055	0.436506	0.495927	0.497486	0.500324	0.413324	0.495969	0.460177	0.570812	0.492366	0.427637	0.497486	0.507631	0.518723	0.499988	0.495621	0.458668	0.579341	0.492950	0.385420
99	0.000000	1.000000	0.438480	-0.666667	-0.333333	0.000000	0.333333	0.666667	0.395700	0.348413	0.441371	0.499988	0.500324	0.504098	0.427637	0.497294	0.463528	0.578276	0.492950	0.429378	0.499988	0.509451	0.521519	0.503935	0.495927	0.462105	0.579991	0.495969	0.385854
100	0.000000	1.000000	0.449078	-0.666667	-0.333333	0.000000	0.333333	0.666667	0.400405	0.358165	0.462105	0.504098	0.505294	0.505294	0.445475	0.497486	0.487636	0.580708	0.497486	0.449078	0.505294	0.514807	0.531459	0.505294	0.499988	0.484777	0.583791	0.497486	0.392048
101	0.000000	1.000000	0.452426	-0.666667	-0.333333	0.000000	0.333333	0.666667	0.409484	0.358948	0.483612	0.505294	0.507631	0.507275	0.446317	0.500324	0.489226	0.583791	0.499988	0.453210	0.513717	0.518723	0.540562	0.509451	0.500324	0.489226	0.587281	0.501790	0.405573
102	0.000000	1.000000	0.456137	-0.666667	-0.333333	0.000000	0.333333	0.666667	0.419087	0.360952	0.487636	0.509451	0.513717	0.507631	0.449078	0.504098	0.492366	0.588011	0.500324	0.456137	0.519936	0.531459	0.543814	0.540793	0.505294	0.492366	0.608411	0.506563	0.427637
103	0.000000	1.000000	0.459000	-0.666667	-0.333333	0.000000	0.333333	0.666667	0.424248	0.365263	0.500324	0.512156	0.525234	0.509451	0.452426	0.505294	0.494978	0.588973	0.504098	0.458668	0.531459	0.531767	0.550796	0.551141	0.507631	0.494978	0.615967	0.518723	0.441371
104	0.000000	1.000000	0.460177	-0.666667	-0.333333	0.000000	0.333333	0.666667	0.436506	0.367068	0.504098	0.513717	0.530368	0.513717	0.452875	0.506563	0.495969	0.595465	0.505294	0.460177	0.540562	0.540562	0.551925	0.551925	0.514807	0.495927	0.617942	0.521519	0.449078
105	0.000000	1.000000	0.460750	-0.666667	-0.333333	0.000000	0.333333	0.666667	0.441371	0.374544	0.505905	0.530368	0.551925	0.531767	0.456137	0.518723	0.497486	0.605037	0.506950	0.463528	0.540793	0.543814	0.555125	0.555125	0.531459	0.495969	0.630486	0.531459	0.456137
106	0.000000	1.000000	0.470881	-0.666667	-0.333333	0.000000	0.333333	0.666667	0.446317	0.376512	0.512156	0.538086	0.555125	0.543814	0.458668	0.531459	0.505294	0.606300	0.518723	0.489226	0.551925	0.550796	0.557892	0.570812	0.551925	0.499988	0.640476	0.532890	0.458668
107	0.000000	1.000000	0.474619	-0.666667	-0.333333	0.000000	0.333333	0.666667	0.456137	0.392206	0.518415	0.540793	0.558296	0.551925	0.462105	0.540562	0.507317	0.608411	0.521519	0.494978	0.555125	0.551925	0.558296	0.579341	0.555125	0.500324	0.647541	0.543814	0.460052
108	0.000000	1.000000	0.487408	-0.666667	-0.333333	0.000000	0.333333	0.666667	0.462105	0.429378	0.518723	0.543814	0.558885	0.555125	0.489226	0.551925	0.514807	0.630486	0.522520	0.495969	0.570812	0.555125	0.558885	0.583791	0.558296	0.505294	0.666576	0.551925	0.462105
109	0.000000	1.000000	0.488700	-0.666667	-0.333333	0.000000	0.333333	0.666667	0.481541	0.446317	0.521519	0.545162	0.575671	0.558296	0.492950	0.555125	0.521519	0.640476	0.531459	0.497486	0.581851	0.558296	0.559570	0.588973	0.564959	0.507631	0.667739	0.555125	0.481783
110	0.000000	1.000000	0.494978	-0.666667	-0.333333	0.000000	0.333333	0.666667	0.486146	0.462105	0.530368	0.551925	0.579991	0.558885	0.495927	0.556940	0.529280	0.650437	0.543814	0.499988	0.583791	0.558885	0.595465	0.606300	0.579991	0.531767	0.668518	0.558885	0.487636
111	0.000000	1.000000	0.500324	-0.666667	-0.333333	0.000000	0.333333	0.666667	0.487636	0.487636	0.531459	0.555125	0.588973	0.579991	0.497294	0.558885	0.540562	0.659556	0.548744	0.500483	0.608411	0.595465	0.611538	0.630486	0.588973	0.543154	0.670032	0.559570	0.495969
112	0.000000	1.000000	0.503198	-0.666667	-0.333333	0.000000	0.333333	0.666667	0.495927	0.495969	0.543814	0.558296	0.603087	0.588973	0.505294	0.565838	0.543154	0.667739	0.555125	0.513717	0.615902	0.611538	0.625468	0.640476	0.621341	0.548744	0.670665	0.588973	0.497486
113	0.000000	1.000000	0.507631	-0.666667	-0.333333	0.000000	0.333333	0.666667	0.499988	0.500324	0.548141	0.579991	0.613892	0.603087	0.511931	0.571008	0.543814	0.668518	0.558296	0.521519	0.617942	0.627394	0.630486	0.643793	0.630486	0.551925	0.677078	0.593825	0.518723
114	0.000000	1.000000	0.509451	-0.666667	-0.333333	0.000000	0.333333	0.666667	0.503935	0.504098	0.551925	0.606300	0.621341	0.621341	0.512156	0.588973	0.551925	0.670665	0.563577	0.531459	0.619979	0.630486	0.634615	0.645334	0.646116	0.555125	0.683821	0.613892	0.521519
115	0.000000	1.000000	0.513717	-0.666667	-0.333333	0.000000	0.333333	0.666667	0.504098	0.505905	0.555125	0.618257	0.630486	0.630486	0.531767	0.603087	0.555125	0.672867	0.565204	0.532890	0.625468	0.634615	0.643793	0.659556	0.648387	0.558296	0.691258	0.621341	0.531459
116	0.000000	1.000000	0.521519	-0.666667	-0.333333	0.000000	0.333333	0.666667	0.505294	0.514807	0.556940	0.630486	0.640476	0.646116	0.555125	0.621341	0.558885	0.677078	0.567509	0.543814	0.627394	0.640476	0.646116	0.666576	0.666576	0.574357	0.713208	0.630486	0.543814
117	0.000000	1.000000	0.531660	-0.666667	-0.333333	0.000000	0.333333	0.666667	0.505905	0.518415	0.557892	0.640476	0.646116	0.655992	0.557892	0.630486	0.571008	0.681604	0.604970	0.548744	0.630486	0.646116	0.666576	0.667739	0.667739	0.577912	0.719178	0.634615	0.551925
118	0.000000	1.000000	0.531767	-0.666667	-0.333333	0.000000	0.333333	0.666667	0.507631	0.518723	0.558296	0.643937	0.650437	0.667739	0.564931	0.640476	0.588973	0.683570	0.605037	0.551925	0.637133	0.650437	0.667739	0.677078	0.670665	0.579991	0.728462	0.640476	0.555125
119	0.000000	1.000000	0.532285	-0.666667	-0.333333	0.000000	0.333333	0.666667	0.509451	0.521519	0.559570	0.659556	0.667739	0.670032	0.577912	0.644247	0.593825	0.685022	0.627394	0.555125	0.640476	0.666576	0.668518	0.683570	0.677078	0.588973	0.732918	0.643793	0.558296
120	0.000000	1.000000	0.535718	-0.666667	-0.333333	0.000000	0.333333	0.666667	0.511931	0.530368	0.579991	0.668518	0.670032	0.673264	0.579991	0.646116	0.612984	0.690362	0.630486	0.567509	0.643793	0.667739	0.670032	0.683821	0.683570	0.621341	0.733924	0.646116	0.558885
121	0.000000	1.000000	0.543814	-0.666667	-0.333333	0.000000	0.333333	0.666667	0.518415	0.540216	0.582975	0.670665	0.673264	0.674406	0.581851	0.648023	0.630486	0.690956	0.641018	0.588973	0.663746	0.668518	0.670379	0.691258	0.691258	0.630486	0.735887	0.666576	0.583791
122	0.000000	1.000000	0.547186	-0.666667	-0.333333	0.000000	0.333333	0.666667	0.522520	0.543814	0.583489	0.677078	0.677078	0.677078	0.583791	0.648381	0.643793	0.691258	0.643261	0.613232	0.664530	0.677078	0.677078	0.707123	0.713208	0.646116	0.739019	0.667739	0.588973
123	0.000000	1.000000	0.547380	-0.666667	-0.333333	0.000000	0.333333	0.666667	0.540793	0.548141	0.604970	0.681277	0.691258	0.685690	0.587281	0.650483	0.644247	0.707123	0.643793	0.614815	0.666576	0.683911	0.688108	0.713208	0.713242	0.648387	0.745628	0.677078	0.603087
124	0.000000	1.000000	0.585279	-0.666667	-0.333333	0.000000	0.333333	0.666667	0.541834	0.551925	0.605697	0.691258	0.713208	0.688108	0.593825	0.673264	0.650437	0.713208	0.645346	0.630486	0.667739	0.691258	0.691258	0.715359	0.715359	0.650437	0.745789	0.683570	0.630486
125	0.000000	1.000000	0.590539	-0.666667	-0.333333	0.000000	0.333333	0.666667	0.548141	0.555125	0.608411	0.713208	0.713242	0.690956	0.601554	0.674406	0.655829	0.715359	0.646116	0.630654	0.668518	0.713208	0.713208	0.719178	0.719288	0.655992	0.748774	0.683821	0.643793
126	0.000000	1.000000	0.603087	-0.666667	-0.333333	0.000000	0.333333	0.666667	0.550796	0.556940	0.627394	0.715359	0.715359	0.691258	0.603087	0.677078	0.667739	0.717193	0.650437	0.643261	0.670665	0.713858	0.715359	0.725668	0.733924	0.670032	0.753851	0.691258	0.646116
127	0.000000	1.000000	0.605522	-0.666667	-0.333333	0.000000	0.333333	0.666667	0.551925	0.557892	0.630486	0.718646	0.717193	0.713208	0.605522	0.683821	0.670379	0.719178	0.659556	0.643793	0.677078	0.719288	0.717193	0.728462	0.734620	0.670665	0.765020	0.713208	0.650437
128	0.000000	1.000000	0.611538	-0.666667	-0.333333	0.000000	0.333333	0.666667	0.555125	0.558296	0.640476	0.719288	0.717768	0.715359	0.606300	0.683911	0.677078	0.733007	0.667739	0.646116	0.681604	0.728462	0.719288	0.732918	0.738034	0.677078	0.773475	0.715359	0.653734
129	0.000000	1.000000	0.612155	-0.666667	-0.333333	0.000000	0.333333	0.666667	0.557892	0.559570	0.643793	0.739019	0.718349	0.719288	0.608411	0.686015	0.684112	0.733924	0.668518	0.648387	0.690380	0.733795	0.728462	0.733924	0.739019	0.683821	0.777286	0.717193	0.666576
130	0.000000	1.000000	0.612984	-0.666667	-0.333333	0.000000	0.333333	0.666667	0.570812	0.574357	0.647541	0.746757	0.719288	0.729927	0.611538	0.687446	0.686015	0.745628	0.670665	0.650437	0.690956	0.733924	0.729927	0.739019	0.741795	0.685690	0.783911	0.719288	0.667739
131	0.000000	1.000000	0.613232	-0.666667	-0.333333	0.000000	0.333333	0.666667	0.579991	0.579991	0.667739	0.748774	0.729927	0.733924	0.623674	0.690956	0.691258	0.747807	0.673752	0.655992	0.691258	0.739019	0.733924	0.745628	0.745839	0.690380	0.789884	0.729927	0.670032
132	0.000000	1.000000	0.627376	-0.666667	-0.333333	0.000000	0.333333	0.666667	0.582975	0.582975	0.668518	0.753063	0.741795	0.749863	0.625468	0.691258	0.713208	0.749378	0.683570	0.659556	0.709850	0.741672	0.739019	0.746757	0.753063	0.691258	0.791137	0.735079	0.673752
133	0.000000	1.000000	0.637133	-0.666667	-0.333333	0.000000	0.333333	0.666667	0.583791	0.583489	0.674406	0.753851	0.753063	0.751068	0.630486	0.713208	0.715359	0.753063	0.683911	0.667739	0.713208	0.748774	0.748774	0.748774	0.753851	0.713208	0.804649	0.743355	0.677078
134	0.000000	1.000000	0.644979	-0.666667	-0.333333	0.000000	0.333333	0.666667	0.588011	0.583791	0.677078	0.764284	0.753851	0.753063	0.641018	0.717193	0.718646	0.765020	0.684112	0.670665	0.718646	0.753063	0.753063	0.753851	0.757766	0.715359	0.808933	0.753851	0.683911
135	0.000000	1.000000	0.649791	-0.666667	-0.333333	0.000000	0.333333	0.666667	0.604970	0.588011	0.691258	0.773475	0.757766	0.753851	0.650437	0.719288	0.719288	0.774666	0.691258	0.677078	0.720229	0.757766	0.755318	0.757766	0.767939	0.718646	0.810277	0.757766	0.685690
136	0.000000	1.000000	0.650437	-0.666667	-0.333333	0.000000	0.333333	0.666667	0.605697	0.605697	0.713208	0.774091	0.767939	0.757766	0.666576	0.729927	0.729927	0.777286	0.713208	0.683570	0.725668	0.765020	0.757766	0.765020	0.770525	0.719288	0.812749	0.771030	0.686015
137	0.000000	1.000000	0.667739	-0.666667	-0.333333	0.000000	0.333333	0.666667	0.617942	0.627394	0.719288	0.777286	0.771030	0.770525	0.670032	0.743355	0.747726	0.778946	0.713242	0.683911	0.735887	0.774091	0.771030	0.773475	0.771030	0.732918	0.822099	0.777286	0.691258
138	0.000000	1.000000	0.670032	-0.666667	-0.333333	0.000000	0.333333	0.666667	0.630486	0.630486	0.726139	0.783911	0.771147	0.771030	0.670665	0.745728	0.753851	0.803299	0.715359	0.684112	0.745789	0.783911	0.773487	0.777286	0.771147	0.733924	0.822395	0.783911	0.713208
139	0.000000	1.000000	0.670665	-0.666667	-0.333333	0.000000	0.333333	0.666667	0.640476	0.643793	0.738034	0.791137	0.777286	0.771147	0.677078	0.749863	0.754357	0.808933	0.718646	0.685022	0.746757	0.808933	0.774091	0.783911	0.773487	0.738034	0.836301	0.807129	0.715359
140	0.000000	1.000000	0.680358	-0.666667	-0.333333	0.000000	0.333333	0.666667	0.643261	0.647541	0.743355	0.793088	0.783911	0.773487	0.681903	0.753851	0.759376	0.810277	0.719288	0.691258	0.748774	0.810277	0.779658	0.791137	0.777286	0.747807	0.855329	0.808933	0.717193
141	0.000000	1.000000	0.683227	-0.666667	-0.333333	0.000000	0.333333	0.666667	0.643793	0.666576	0.746757	0.794559	0.787882	0.783911	0.683821	0.754357	0.771030	0.819914	0.733924	0.713208	0.753063	0.822099	0.783911	0.799852	0.778946	0.753063	0.858080	0.822395	0.719288
142	0.000000	1.000000	0.683821	-0.666667	-0.333333	0.000000	0.333333	0.666667	0.647541	0.667739	0.747807	0.808933	0.791137	0.787882	0.690380	0.767939	0.773487	0.837657	0.734620	0.715359	0.756656	0.822395	0.787882	0.808746	0.791137	0.753851	0.868374	0.836301	0.728462
143	0.000000	1.000000	0.700463	-0.666667	-0.333333	0.000000	0.333333	0.666667	0.653768	0.668518	0.748774	0.819914	0.801079	0.789423	0.690956	0.771030	0.783911	0.838459	0.738034	0.718646	0.779658	0.833919	0.791137	0.808933	0.792444	0.757766	0.871850	0.858080	0.729927
144	0.000000	1.000000	0.702668	-0.666667	-0.333333	0.000000	0.333333	0.666667	0.663746	0.677078	0.751068	0.821338	0.808933	0.791137	0.691258	0.771147	0.792444	0.842026	0.739019	0.719288	0.783911	0.844521	0.808933	0.810277	0.803360	0.767939	0.886937	0.861572	0.739019
145	0.000000	1.000000	0.704704	-0.666667	-0.333333	0.000000	0.333333	0.666667	0.666576	0.683570	0.761817	0.822395	0.816936	0.808746	0.713208	0.791137	0.798942	0.858624	0.746429	0.727895	0.801079	0.855329	0.810277	0.812749	0.808933	0.773487	0.891686	0.868374	0.741795
146	0.000000	1.000000	0.715359	-0.666667	-0.333333	0.000000	0.333333	0.666667	0.667739	0.686015	0.783911	0.837657	0.831668	0.808933	0.715359	0.798942	0.804867	0.860272	0.747807	0.732918	0.808933	0.858080	0.816936	0.816936	0.810277	0.774091	0.893294	0.871850	0.749863
147	0.000000	1.000000	0.718646	-0.666667	-0.333333	0.000000	0.333333	0.666667	0.668518	0.689646	0.787882	0.844521	0.837657	0.816936	0.725668	0.804649	0.821338	0.871850	0.748774	0.733924	0.810277	0.868374	0.819562	0.821338	0.812749	0.777286	0.894619	0.882125	0.753063
148	0.000000	1.000000	0.724307	-0.666667	-0.333333	0.000000	0.333333	0.666667	0.670665	0.691258	0.791137	0.855329	0.858080	0.819914	0.745728	0.807129	0.858080	0.877672	0.753063	0.734620	0.822099	0.871850	0.822099	0.822099	0.816936	0.778946	0.899343	0.886937	0.753851
149	0.000000	1.000000	0.732918	-0.666667	-0.333333	0.000000	0.333333	0.666667	0.672867	0.691986	0.791498	0.858080	0.858624	0.821338	0.746757	0.813675	0.861572	0.882125	0.757766	0.738034	0.838821	0.886937	0.822395	0.822395	0.821338	0.791137	0.902843	0.887342	0.761817
150	0.000000	1.000000	0.734620	-0.666667	-0.333333	0.000000	0.333333	0.666667	0.677078	0.713208	0.793088	0.858624	0.868374	0.837657	0.753063	0.822395	0.868374	0.886937	0.771030	0.739019	0.855329	0.887342	0.837657	0.825734	0.822395	0.792444	0.905144	0.887680	0.771030
151	0.000000	1.000000	0.735140	-0.666667	-0.333333	0.000000	0.333333	0.666667	0.681604	0.719288	0.807129	0.861246	0.871850	0.858080	0.753851	0.844290	0.871850	0.887008	0.773487	0.746429	0.858080	0.887680	0.855329	0.844290	0.829381	0.794371	0.906214	0.892206	0.773487
152	0.000000	1.000000	0.745789	-0.666667	-0.333333	0.000000	0.333333	0.666667	0.681903	0.728462	0.808933	0.868374	0.873750	0.858624	0.761817	0.851011	0.887680	0.887680	0.777286	0.747807	0.858624	0.892206	0.858080	0.854747	0.855329	0.808933	0.906637	0.893294	0.792444
153	0.000000	1.000000	0.749378	-0.666667	-0.333333	0.000000	0.333333	0.666667	0.683821	0.734620	0.811539	0.871850	0.882125	0.868374	0.773487	0.851838	0.894329	0.889472	0.787831	0.748774	0.861570	0.893294	0.861572	0.855056	0.858080	0.810277	0.907632	0.893836	0.810277
154	0.000000	1.000000	0.750872	-0.666667	-0.333333	0.000000	0.333333	0.666667	0.685690	0.746757	0.816936	0.872660	0.889472	0.882125	0.777286	0.858080	0.894619	0.892206	0.792444	0.753063	0.868374	0.899343	0.868374	0.855329	0.868374	0.822395	0.915031	0.899343	0.816936
155	0.000000	1.000000	0.750995	-0.666667	-0.333333	0.000000	0.333333	0.666667	0.689646	0.748774	0.868374	0.886937	0.892206	0.891686	0.781735	0.868374	0.899758	0.893294	0.810277	0.757766	0.871850	0.899885	0.871850	0.857356	0.871850	0.845996	0.919685	0.899758	0.819562
156	0.000000	1.000000	0.755858	-0.666667	-0.333333	0.000000	0.333333	0.666667	0.690956	0.773487	0.871850	0.889472	0.893294	0.892206	0.786428	0.882125	0.899885	0.899343	0.814777	0.773487	0.886937	0.902409	0.882211	0.858080	0.886937	0.855329	0.921700	0.901338	0.855329
157	0.000000	1.000000	0.761817	-0.666667	-0.333333	0.000000	0.333333	0.666667	0.691258	0.783911	0.877726	0.893294	0.899343	0.893294	0.791137	0.887342	0.900883	0.901684	0.822099	0.777286	0.889472	0.907632	0.886937	0.868374	0.887008	0.858080	0.922685	0.901684	0.858080
158	0.000000	1.000000	0.765020	-0.666667	-0.333333	0.000000	0.333333	0.666667	0.713208	0.791498	0.886937	0.894619	0.902409	0.894342	0.794559	0.887680	0.907632	0.902484	0.822395	0.787882	0.893294	0.907659	0.892206	0.872660	0.889472	0.858624	0.926231	0.907632	0.861572
159	0.000000	1.000000	0.771030	-0.666667	-0.333333	0.000000	0.333333	0.666667	0.720229	0.793088	0.887342	0.899343	0.903891	0.899343	0.812749	0.893294	0.915031	0.903891	0.829381	0.792444	0.894619	0.916004	0.893294	0.886937	0.893294	0.861572	0.926571	0.921700	0.867313
160	0.000000	1.000000	0.771147	-0.666667	-0.333333	0.000000	0.333333	0.666667	0.726139	0.801079	0.887680	0.899885	0.911889	0.902409	0.821338	0.894329	0.921700	0.921700	0.836301	0.810277	0.899343	0.919011	0.899343	0.891686	0.894619	0.868374	0.928385	0.924055	0.868374
161	0.000000	1.000000	0.777286	-0.666667	-0.333333	0.000000	0.333333	0.666667	0.728462	0.803360	0.893294	0.901338	0.921700	0.903891	0.827930	0.894619	0.929250	0.923578	0.837657	0.812749	0.899885	0.921700	0.902409	0.893294	0.899343	0.871850	0.929250	0.929838	0.886937
162	0.000000	1.000000	0.791137	-0.666667	-0.333333	0.000000	0.333333	0.666667	0.745789	0.808933	0.902843	0.902843	0.923578	0.915031	0.833784	0.899343	0.929838	0.924055	0.844290	0.822099	0.901684	0.924055	0.902843	0.894619	0.901684	0.886937	0.929838	0.934339	0.887342
163	0.000000	1.000000	0.793088	-0.666667	-0.333333	0.000000	0.333333	0.666667	0.748774	0.816936	0.907632	0.906637	0.929838	0.921700	0.836301	0.899758	0.934339	0.926571	0.845996	0.822395	0.907632	0.929838	0.907632	0.899343	0.903891	0.889472	0.940683	0.934641	0.887680
164	0.000000	1.000000	0.797528	-0.666667	-0.333333	0.000000	0.333333	0.666667	0.762040	0.828867	0.907659	0.907659	0.930720	0.923578	0.858080	0.902409	0.942723	0.929250	0.858624	0.845996	0.915031	0.934641	0.916004	0.899885	0.907632	0.892206	0.942125	0.940683	0.894619
165	0.000000	1.000000	0.805540	-0.666667	-0.333333	0.000000	0.333333	0.666667	0.765020	0.868374	0.914053	0.921700	0.940683	0.929838	0.868374	0.903891	0.946068	0.934977	0.868374	0.857637	0.916004	0.943946	0.921700	0.901338	0.909996	0.893294	0.945305	0.946103	0.899343
166	0.000000	1.000000	0.805747	-0.666667	-0.333333	0.000000	0.333333	0.666667	0.777286	0.871850	0.914655	0.926571	0.942723	0.934641	0.871850	0.907659	0.946103	0.935209	0.871850	0.858624	0.919011	0.947871	0.923578	0.902843	0.911889	0.893836	0.947871	0.947871	0.899758
167	0.000000	1.000000	0.808933	-0.666667	-0.333333	0.000000	0.333333	0.666667	0.781735	0.874561	0.916004	0.929838	0.945305	0.935209	0.873750	0.915031	0.947442	0.940683	0.886937	0.868374	0.919685	0.949184	0.924055	0.903891	0.915987	0.899343	0.951407	0.951407	0.903891
168	0.000000	1.000000	0.808975	-0.666667	-0.333333	0.000000	0.333333	0.666667	0.791498	0.886937	0.919685	0.936989	0.946068	0.942723	0.874561	0.921700	0.947871	0.943183	0.887008	0.871850	0.921700	0.953895	0.929683	0.906214	0.917291	0.901684	0.952886	0.952480	0.907659
169	0.000000	1.000000	0.837657	-0.666667	-0.333333	0.000000	0.333333	0.666667	0.808933	0.887342	0.921700	0.940683	0.946103	0.945305	0.876085	0.925429	0.953895	0.947871	0.887680	0.886937	0.922685	0.956821	0.929838	0.906637	0.923578	0.903891	0.953895	0.956821	0.921700
170	0.000000	1.000000	0.851011	-0.666667	-0.333333	0.000000	0.333333	0.666667	0.811539	0.887680	0.923736	0.942125	0.947871	0.946103	0.882125	0.929838	0.959013	0.949184	0.894619	0.887680	0.926231	0.959013	0.934641	0.909996	0.924055	0.907632	0.956821	0.961681	0.924055
171	0.000000	1.000000	0.858080	-0.666667	-0.333333	0.000000	0.333333	0.666667	0.822395	0.891686	0.924055	0.943183	0.952480	0.947871	0.889472	0.934339	0.961063	0.949846	0.899343	0.893294	0.926571	0.961681	0.943946	0.914053	0.930720	0.907659	0.959013	0.963800	0.934641
172	0.000000	1.000000	0.861572	-0.666667	-0.333333	0.000000	0.333333	0.666667	0.828867	0.892206	0.931380	0.945305	0.956821	0.960891	0.893294	0.946068	0.961919	0.956821	0.901684	0.894619	0.928385	0.963800	0.946103	0.919685	0.934641	0.911889	0.959611	0.964583	0.943946
173	0.000000	1.000000	0.870025	-0.666667	-0.333333	0.000000	0.333333	0.666667	0.842026	0.893294	0.943946	0.946103	0.959013	0.961063	0.894619	0.946103	0.963800	0.960891	0.902409	0.899343	0.929838	0.964583	0.947871	0.922685	0.940683	0.921700	0.960891	0.965933	0.946103
174	0.000000	1.000000	0.872466	-0.666667	-0.333333	0.000000	0.333333	0.666667	0.842123	0.905144	0.946103	0.947871	0.960891	0.963800	0.899885	0.947442	0.965933	0.961681	0.902484	0.901684	0.934339	0.965933	0.951407	0.923578	0.945305	0.923578	0.963800	0.970754	0.947871
175	0.000000	1.000000	0.877726	-0.666667	-0.333333	0.000000	0.333333	0.666667	0.850513	0.907632	0.947442	0.951407	0.961681	0.964583	0.901684	0.953895	0.967542	0.963800	0.903891	0.902409	0.934641	0.967148	0.956821	0.923778	0.946103	0.924055	0.963958	0.971055	0.951407
176	0.000000	1.000000	0.880059	-0.666667	-0.333333	0.000000	0.333333	0.666667	0.853159	0.914053	0.947871	0.952886	0.963800	0.965933	0.902843	0.957049	0.969192	0.967148	0.907659	0.903891	0.947871	0.970754	0.961681	0.926571	0.947871	0.934641	0.964583	0.973166	0.953043
177	0.000000	1.000000	0.882211	-0.666667	-0.333333	0.000000	0.333333	0.666667	0.868374	0.921700	0.949206	0.953043	0.964583	0.967542	0.906637	0.963800	0.970990	0.967542	0.915987	0.907659	0.952886	0.973166	0.963800	0.929838	0.956821	0.940683	0.965933	0.975179	0.953895
178	0.000000	1.000000	0.886937	-0.666667	-0.333333	0.000000	0.333333	0.666667	0.871850	0.924055	0.961063	0.956821	0.965933	0.968048	0.922685	0.964583	0.973166	0.970754	0.921700	0.916004	0.960177	0.975180	0.964583	0.940668	0.959013	0.945305	0.967148	0.977645	0.959013
179	0.000000	1.000000	0.887008	-0.666667	-0.333333	0.000000	0.333333	0.666667	0.874561	0.929683	0.961681	0.961681	0.967370	0.970754	0.923736	0.965933	0.975180	0.977022	0.923578	0.921700	0.960891	0.977645	0.965933	0.940683	0.960891	0.946103	0.967542	0.979131	0.961063
180	0.000000	1.000000	0.889472	-0.666667	-0.333333	0.000000	0.333333	0.666667	0.877672	0.931380	0.963800	0.963800	0.967542	0.970923	0.926231	0.970754	0.977645	0.977645	0.924055	0.924055	0.963662	0.979131	0.967148	0.945305	0.961063	0.947871	0.970923	0.984605	0.961681
181	0.000000	1.000000	0.898376	-0.666667	-0.333333	0.000000	0.333333	0.666667	0.879135	0.940683	0.965933	0.965933	0.968040	0.979131	0.934977	0.970923	0.979131	0.979131	0.933377	0.926571	0.963800	0.984605	0.967542	0.947871	0.961681	0.956821	0.970990	0.987720	0.963800
182	0.000000	1.000000	0.899343	-0.666667	-0.333333	0.000000	0.333333	0.666667	0.887680	0.943946	0.970754	0.967542	0.970754	0.984605	0.940668	0.970990	0.984605	0.984605	0.946103	0.946103	0.963958	0.987720	0.970754	0.949184	0.963800	0.959013	0.973166	0.992942	0.964583
183	0.000000	1.000000	0.901684	-0.666667	-0.333333	0.000000	0.333333	0.666667	0.891665	0.947871	0.977645	0.970990	0.973166	0.987720	0.940683	0.979131	0.987720	0.987720	0.947442	0.947871	0.965933	0.991523	0.973166	0.951407	0.964583	0.961063	0.975180	0.993807	0.965933
184	0.000000	1.000000	0.903891	-0.666667	-0.333333	0.000000	0.333333	0.666667	0.893294	0.961063	0.984605	0.973166	0.977645	0.991523	0.942125	0.987440	0.988252	0.993304	0.947871	0.951407	0.967542	0.992705	0.977645	0.952886	0.965933	0.961681	0.976120	0.994513	0.969192
185	0.000000	1.000000	0.914655	-0.666667	-0.333333	0.000000	0.333333	0.666667	0.894342	0.961681	0.987440	0.975180	0.984605	0.992051	0.945305	0.987720	0.992705	0.993807	0.949184	0.953043	0.968048	0.992942	0.979131	0.959013	0.967542	0.963800	0.979131	0.997297	0.969409
186	0.000000	1.000000	0.914844	-0.666667	-0.333333	0.000000	0.333333	0.666667	0.894619	0.963800	0.988252	0.976120	0.986457	0.992705	0.951407	0.989081	0.993807	0.996758	0.949206	0.961681	0.970923	0.993304	0.984605	0.959611	0.970754	0.964583	0.988252	0.998418	0.970754
187	0.000000	1.000000	0.921700	-0.666667	-0.333333	0.000000	0.333333	0.666667	0.914053	0.965933	0.991523	0.977645	0.987440	0.992942	0.952886	0.992942	0.994513	0.997175	0.951407	0.963800	0.973166	0.993807	0.987720	0.960891	0.975179	0.965933	0.991523	0.998639	0.975179
188	0.000000	1.000000	0.923736	-0.666667	-0.333333	0.000000	0.333333	0.666667	0.916004	0.968813	0.992705	0.979131	0.987720	0.993807	0.956821	0.993807	0.997297	0.997269	0.961681	0.964583	0.974076	0.994513	0.991523	0.961681	0.977645	0.967542	0.992705	0.999196	0.977645
189	0.000000	1.000000	0.923778	-0.666667	-0.333333	0.000000	0.333333	0.666667	0.919011	0.970754	0.993807	0.988252	0.991523	0.994513	0.960891	0.994513	0.998639	0.998418	0.963800	0.967148	0.976120	0.996331	0.992051	0.963800	0.979131	0.970754	0.992998	1.000000	0.979131
190	0.000000	1.000000	0.924055	-0.666667	-0.333333	0.000000	0.333333	0.666667	0.919502	0.970923	0.994513	0.988605	0.992051	0.994672	0.961063	0.996331	0.999196	0.999196	0.964583	0.967542	0.979131	0.997297	0.992705	0.964583	0.984605	0.975179	0.993807	1.000000	0.984605
191	0.000000	1.000000	0.928385	-0.666667	-0.333333	0.000000	0.333333	0.666667	0.923778	0.973166	0.994672	0.991523	0.992942	0.997297	0.961681	0.997175	1.000000	1.000000	0.967148	0.970754	0.987440	0.998418	0.992942	0.965933	0.987720	0.977645	0.994672	1.000000	0.987720
192	0.000000	1.000000	0.934977	-0.666667	-0.333333	0.000000	0.333333	0.666667	0.924055	0.984605	0.996331	0.992051	0.993304	0.998639	0.963800	0.997297	1.000000	1.000000	0.967542	0.970923	0.991523	0.998639	0.993304	0.967542	0.992705	0.979131	0.996019	1.000000	0.988252
193	0.000000	1.000000	0.936081	-0.666667	-0.333333	0.000000	0.333333	0.666667	0.926231	0.987440	0.997269	0.992998	0.993807	0.999196	0.965933	0.998418	1.000000	1.000000	0.970754	0.977022	0.993807	0.999196	0.993807	0.970923	0.992942	0.984605	0.997297	1.000000	0.992705
194	0.000000	1.000000	0.943183	-0.666667	-0.333333	0.000000	0.333333	0.666667	0.926571	0.991523	0.997297	0.993807	0.994513	1.000000	0.967148	0.998639	1.000000	1.000000	0.970923	0.979131	0.995405	1.000000	0.994331	0.973166	0.993304	0.987720	0.998418	1.000000	0.992942
195	0.000000	1.000000	0.944848	-0.666667	-0.333333	0.000000	0.333333	0.666667	0.947871	0.992705	0.998639	0.994672	0.997297	1.000000	0.967542	1.000000	1.000000	1.000000	0.973787	0.984605	0.996331	1.000000	0.994513	0.974076	0.993807	0.991523	0.998639	1.000000	0.993304
196	0.000000	1.000000	0.944971	-0.666667	-0.333333	0.000000	0.333333	0.666667	0.952999	0.992998	0.999196	0.997297	0.998418	1.000000	0.974076	1.000000	1.000000	1.000000	0.979131	0.987720	0.997269	1.000000	0.997269	0.975180	0.994513	0.992942	0.999196	1.000000	0.993807
197	0.000000	1.000000	0.945305	-0.666667	-0.333333	0.000000	0.333333	0.666667	0.961681	0.994513	1.000000	0.998639	0.998639	1.000000	0.976120	1.000000	1.000000	1.000000	0.984605	0.991523	0.997297	1.000000	0.997297	0.976120	0.996331	0.993807	1.000000	1.000000	0.994513
198	0.000000	1.000000	0.947442	-0.666667	-0.333333	0.000000	0.333333	0.666667	0.963800	0.994672	1.000000	0.999196	0.999196	1.000000	0.977645	1.000000	1.000000	1.000000	0.987720	0.992942	0.998418	1.000000	0.998418	0.979131	0.997297	0.994513	1.000000	1.000000	0.997297
199	0.000000	1.000000	0.949206	-0.666667	-0.333333	0.000000	0.333333	0.666667	0.965933	0.997269	1.000000	1.000000	1.000000	1.000000	0.987440	1.000000	1.000000	1.000000	0.988252	0.993304	0.998639	1.000000	0.998639	0.988252	0.998639	0.994672	1.000000	1.000000	0.998639
200	0.000000	1.000000	0.952771	-0.666667	-0.333333	0.000000	0.333333	0.666667	0.970754	0.997297	1.000000	1.000000	1.000000	1.000000	0.987720	1.000000	1.000000	1.000000	0.992942	0.993807	1.000000	1.000000	0.999196	0.993304	0.999196	0.996331	1.000000	1.000000	0.999196
201	0.000000	1.000000	0.953043	-0.666667	-0.333333	0.000000	0.333333	0.666667	0.970923	0.998639	1.000000	1.000000	1.000000	1.000000	0.988605	1.000000	1.000000	1.000000	0.993807	0.996331	1.000000	1.000000	1.000000	0.993807	1.000000	0.997297	1.000000	1.000000	1.000000
202	0.000000	1.000000	0.953895	-0.666667	-0.333333	0.000000	0.333333	0.666667	0.973166	0.999196	1.000000	1.000000	1.000000	1.000000	0.989081	1.000000	1.000000	1.000000	0.994672	0.997297	1.000000	1.000000	1.000000	0.996331	1.000000	0.998639	1.000000	1.000000	1.000000
203	0.000000	1.000000	0.959013	-0.666667	-0.333333	0.000000	0.333333	0.666667	0.974076	1.000000	1.000000	1.000000	1.000000	1.000000	0.992705	1.000000	1.000000	1.000000	0.996331	0.998418	1.000000	1.000000	1.000000	0.997297	1.000000	0.999196	1.000000	1.000000	1.000000
204	0.000000	1.000000	0.959113	-0.666667	-0.333333	0.000000	0.333333	0.666667	0.975180	1.000000	1.000000	1.000000	1.000000	1.000000	0.993304	1.000000	1.000000	1.000000	0.997269	0.999196	1.000000	1.000000	1.000000	0.998418	1.000000	1.000000	1.000000	1.000000	1.000000
205	0.000000	1.000000	0.961919	-0.666667	-0.333333	0.000000	0.333333	0.666667	0.976120	1.000000	1.000000	1.000000	1.000000	1.000000	0.993807	1.000000	1.000000	1.000000	0.997297	1.000000	1.000000	1.000000	1.000000	0.998639	1.000000	1.000000	1.000000	1.000000	1.000000
206	0.000000	1.000000	0.974076	-0.666667	-0.333333	0.000000	0.333333	0.666667	0.978404	1.000000	1.000000	1.000000	1.000000	1.000000	0.997297	1.000000	1.000000	1.000000	0.998418	1.000000	1.000000	1.000000	1.000000	0.999196	1.000000	1.000000	1.000000	1.000000	1.000000
207	0.000000	1.000000	0.977645	-0.666667	-0.333333	0.000000	0.333333	0.666667	0.991523	1.000000	1.000000	1.000000	1.000000	1.000000	0.998639	1.000000	1.000000	1.000000	0.999196	1.000000	1.000000	1.000000	1.000000	1.000000	1.000000	1.000000	1.000000	1.000000	1.000000
208	0.000000	1.000000	0.979131	-0.666667	-0.333333	0.000000	0.333333	0.666667	0.994672	1.000000	1.000000	1.000000	1.000000	1.000000	1.000000	1.000000	1.000000	1.000000	1.000000	1.000000	1.000000	1.000000	1.000000	1.000000	1.000000	1.000000	1.000000	1.000000	1.000000
209	0.000000	1.000000	0.984605	-0.666667	-0.333333	0.000000	0.333333	0.666667	0.995947	1.000000	1.000000	1.000000	1.000000	1.000000	1.000000	1.000000	1.000000	1.000000	1.000000	1.000000	1.000000	1.000000	1.000000	1.000000	1.000000	1.000000	1.000000	1.000000	1.000000
210	0.000000	1.000000	0.987276	-0.666667	-0.333333	0.000000	0.333333	0.666667	0.996331	1.000000	1.000000	1.000000	1.000000	1.000000	1.000000	1.000000	1.000000	1.000000	1.000000	1.000000	1.000000	1.000000	1.000000	1.000000	1.000000	1.000000	1.000000	1.000000	1.000000
211	0.000000	1.000000	0.987720	-0.666667	-0.333333	0.000000	0.333333	0.666667	0.997269	1.000000	1.000000	1.000000	1.000000	1.000000	1.000000	1.000000	1.000000	1.000000	1.000000	1.000000	1.000000	1.000000	1.000000	1.000000	1.000000	1.000000	1.000000	1.000000	1.000000
212	0.000000	1.000000	0.989081	-0.666667	-0.333333	0.000000	0.333333	0.666667	0.997297	1.000000	1.000000	1.000000	1.000000	1.000000	1.000000	1.000000	1.000000	1.000000	1.000000	1.000000	1.000000	1.000000	1.000000	1.000000	1.000000	1.000000	1.000000	1.000000	1.000000
213	0.000000	1.000000	0.991336	-0.666667	-0.333333	0.000000	0.333333	0.666667	0.998639	1.000000	1.000000	1.000000	1.000000	1.000000	1.000000	1.000000	1.000000	1.000000	1.000000	1.000000	1.000000	1.000000	1.000000	1.000000	1.000000	1.000000	1.000000	1.000000	1.000000
214	0.000000	1.000000	0.993807	-0.666667	-0.333333	0.000000	0.333333	0.666667	0.998679	1.000000	1.000000	1.000000	1.000000	1.000000	1.000000	1.000000	1.000000	1.000000	1.000000	1.000000	1.000000	1.000000	1.000000	1.000000	1.000000	1.000000	1.000000	1.000000	1.000000
215	0.000000	1.000000	0.994513	-0.666667	-0.333333	0.000000	0.333333	0.666667	0.999196	1.000000	1.000000	1.000000	1.000000	1.000000	1.000000	1.000000	1.000000	1.000000	1.000000	1.000000	1.000000	1.000000	1.000000	1.000000	1.000000	1.000000	1.000000	1.000000	1.000000
216	0.000000	1.000000	0.994672	-0.666667	-0.333333	0.000000	0.333333	0.666667	1.000000	1.000000	1.000000	1.000000	1.000000	1.000000	1.000000	1.000000	1.000000	1.000000	1.000000	1.000000	1.000000	1.000000	1.000000	1.000000	1.000000	1.000000	1.000000	1.000000	1.000000
217	0.000000	1.000000	0.995947	-0.666667	-0.333333	0.000000	0.333333	0.666667	1.000000	1.000000	1.000000	1.000000	1.000000	1.000000	1.000000	1.000000	1.000000	1.000000	1.000000	1.000000	1.000000	1.000000	1.000000	1.000000	1.000000	1.000000	1.000000	1.000000	1.000000
218	0.000000	1.000000	0.998679	-0.666667	-0.333333	0.000000	0.333333	0.666667	1.000000	1.000000	1.000000	1.000000	1.000000	1.000000	1.000000	1.000000	1.000000	1.000000	1.000000	1.000000	1.000000	1.000000	1.000000	1.000000	1.000000	1.000000	1.000000	1.000000	1.000000
219	0.000000	1.000000	0.999196	-0.666667	-0.333333	0.000000	0.333333	0.666667	1.000000	1.000000	1.000000	1.000000	1.000000	1.000000	1.000000	1.000000	1.000000	1.000000	1.000000	1.000000	1.000000	1.000000	1.000000	1.000000	1.000000	1.000000	1.000000	1.000000	1.000000
220	0.000000	1.000000	1.000000	-0.666667	-0.333333	0.000000	0.333333	0.666667	1.000000	1.000000	1.000000	1.000000	1.000000	1.000000	1.000000	1.000000	1.000000	1.000000	1.000000	1.000000	1.000000	1.000000	1.000000	1.000000	1.000000	1.000000	1.000000	1.000000	1.000000
221	0.000000	1.000000	1.000000	-0.666667	-0.333333	0.000000	0.333333	0.666667	1.000000	1.000000	1.000000	1.000000	1.000000	1.000000	1.000000	1.000000	1.000000	1.000000	1.000000	1.000000	1.000000	1.000000	1.000000	1.000000	1.000000	1.000000	1.000000	1.000000	1.000000
222	0.000000	1.000000	1.000000	-0.666667	-0.333333	0.000000	0.333333	0.666667	1.000000	1.000000	1.000000	1.000000	1.000000	1.000000	1.000000	1.000000	1.000000	1.000000	1.000000	1.000000	1.000000	1.000000	1.000000	1.000000	1.000000	1.000000	1.000000	1.000000	1.000000
223	0.000000	1.000000	1.000000	-0.666667	-0.333333	0.000000	0.333333	0.666667	1.000000	1.000000	1.000000	1.000000	1.000000	1.000000	1.000000	1.000000	1.000000	1.000000	1.000000	1.000000	1.000000	1.000000	1.000000	1.000000	1.000000	1.000000	1.000000	1.000000	1.000000
224	0.000000	1.000000	1.000000	-0.666667	-0.333333	0.000000	0.333333	0.666667	1.000000	1.000000	1.000000	1.000000	1.000000	1.000000	1.000000	1.000000	1.000000	1.000000	1.000000	1.000000	1.000000	1.000000	1.000000	1.000000	1.000000	1.000000	1.000000	1.000000	1.000000
225	0.000000	1.000000	1.000000	-0.666667	-0.333333	0.000000	0.333333	0.666667	1.000000	1.000000	1.000000	1.000000	1.000000	1.000000	1.000000	1.000000	1.000000	1.000000	1.000000	1.000000	1.000000	1.000000	1.000000	1.000000	1.000000	1.000000	1.000000	1.000000	1.000000
226	0.000000	1.000000	1.000000	-0.666667	-0.333333	0.000000	0.333333	0.666667	1.000000	1.000000	1.000000	1.000000	1.000000	1.000000	1.000000	1.000000	1.000000	1.000000	1.000000	1.000000	1.000000	1.000000	1.000000	1.000000	1.000000	1.000000	1.000000	1.000000	1.000000
227	0.000000	1.000000	1.000000	-0.666667	-0.333333	0.000000	0.333333	0.666667	1.000000	1.000000	1.000000	1.000000	1.000000	1.000000	1.000000	1.000000	1.000000	1.000000	1.000000	1.000000	1.000000	1.000000	1.000000	1.000000	1.000000	1.000000	1.000000	1.000000	1.000000
228	0.000000	1.000000	1.000000	-0.666667	-0.333333	0.000000	0.333333	0.666667	1.000000	1.000000	1.000000	1.000000	1.000000	1.000000	1.000000	1.000000	1.000000	1.000000	1.000000	1.000000	1.000000	1.000000	1.000000	1.000000	1.000000	1.000000	1.000000	1.000000	1.000000
229	0.000000	1.000000	1.000000	-0.666667	-0.333333	0.000000	0.333333	0.666667	1.000000	1.000000	1.000000	1.000000	1.000000	1.000000	1.000000	1.000000	1.000000	1.000000	1.000000	1.000000	1.000000	1.000000	1.000000	1.000000	1.000000	1.000000	1.000000	1.000000	1.000000
230	0.000000	1.000000	1.000000	-0.666667	-0.333333	0.000000	0.333333	0.666667	1.000000	1.000000	1.000000	1.000000	1.000000	1.000000	1.000000	1.000000	1.000000	1.000000	1.000000	1.000000	1.000000	1.000000	1.000000	1.000000	1.000000	1.000000	1.000000	1.000000	1.000000
231	0.000000	1.000000	1.000000	-0.666667	-0.333333	0.000000	0.333333	0.666667	1.000000	1.000000	1.000000	1.000000	1.000000	1.000000	1.000000	1.000000	1.000000	1.000000	1.000000	1.000000	1.000000	1.000000	1.000000	1.000000	1.000000	1.000000	1.000000	1.000000	1.000000
232	0.000000	1.000000	1.000000	-0.666667	-0.333333	0.000000	0.333333	0.666667	1.000000	1.000000	1.000000	1.000000	1.000000	1.000000	1.000000	1.000000	1.000000	1.000000	1.000000	1.000000	1.000000	1.000000	1.000000	1.000000	1.000000	1.000000	1.000000	1.000000	1.000000
233	0.000000	1.000000	1.000000	-0.666667	-0.333333	0.000000	0.333333	0.666667	1.000000	1.000000	1.000000	1.000000	1.000000	1.000000	1.000000	1.000000	1.000000	1.000000	1.000000	1.000000	1.000000	1.000000	1.000000	1.000000	1.000000	1.000000	1.000000	1.000000	1.000000
234	0.000000	1.000000	1.000000	-0.666667	-0.333333	0.000000	0.333333	0.666667	1.000000	1.000000	1.000000	1.000000	1.000000	1.000000	1.000000	1.000000	1.000000	1.000000	1.000000	1.000000	1.000000	1.000000	1.000000	1.000000	1.000000	1.000000	1.000000	1.000000	1.000000
235	0.000000	1.000000	1.000000	-0.666667	-0.333333	0.000000	0.333333	0.666667	1.000000	1.000000	1.000000	1.000000	1.000000	1.000000	1.000000	1.000000	1.000000	1.000000	1.000000	1.000000	1.000000	1.000000	1.000000	1.000000	1.000000	1.000000	1.000000	1.000000	1.000000
236	0.000000	1.000000	1.000000	-0.666667	-0.333333	0.000000	0.333333	0.666667	1.000000	1.000000	1.000000	1.000000	1.000000	1.000000	1.000000	1.000000	1.000000	1.000000	1.000000	1.000000	1.000000	1.000000	1.000000	1.000000	1.000000	1.000000	1.000000	1.000000	1.000000
237	0.000000	1.000000	1.000000	-0.666667	-0.333333	0.000000	0.333333	0.666667	1.000000	1.000000	1.000000	1.000000	1.000000	1.000000	1.000000	1.000000	1.000000	1.000000	1.000000	1.000000	1.000000	1.000000	1.000000	1.000000	1.000000	1.000000	1.000000	1.000000	1.000000
238	0.000000	1.000000	1.000000	-0.666667	-0.333333	0.000000	0.333333	0.666667	1.000000	1.000000	1.000000	1.000000	1.000000	1.000000	1.000000	1.000000	1.000000	1.000000	1.000000	1.000000	1.000000	1.000000	1.000000	1.000000	1.000000	1.000000	1.000000	1.000000	1.000000
239	0.000000	1.000000	1.000000	-0.666667	-0.333333	0.000000	0.333333	0.666667	1.000000	1.000000	1.000000	1.000000	1.000000	1.000000	1.000000	1.000000	1.000000	1.000000	1.000000	1.000000	1.000000	1.000000	1.000000	1.000000	1.000000	1.000000	1.000000	1.000000	1.000000
240	0.000000	1.000000	1.000000	-0.666667	-0.333333	0.000000	0.333333	0.666667	1.000000	1.000000	1.000000	1.000000	1.000000	1.000000	1.000000	1.000000	1.000000	1.000000	1.000000	1.000000	1.000000	1.000000	1.000000	1.000000	1.000000	1.000000	1.000000	1.000000	1.000000
241	0.000000	1.000000	1.000000	-0.666667	-0.333333	0.000000	0.333333	0.666667	1.000000	1.000000	1.000000	1.000000	1.000000	1.000000	1.000000	1.000000	1.000000	1.000000	1.000000	1.000000	1.000000	1.000000	1.000000	1.000000	1.000000	1.000000	1.000000	1.000000	1.000000
242	0.000000	1.000000	1.000000	-0.666667	-0.333333	0.000000	0.333333	0.666667	1.000000	1.000000	1.000000	1.000000	1.000000	1.000000	1.000000	1.000000	1.000000	1.000000	1.000000	1.000000	1.000000	1.000000	1.000000	1.000000	1.000000	1.000000	1.000000	1.000000	1.000000
243	0.000000	1.000000	1.000000	-0.666667	-0.333333	0.000000	0.333333	0.666667	1.000000	1.000000	1.000000	1.000000	1.000000	1.000000	1.000000	1.000000	1.000000	1.000000	1.000000	1.000000	1.000000	1.000000	1.000000	1.000000	1.000000	1.000000	1.000000	1.000000	1.000000
244	0.000000	1.000000	1.000000	-0.666667	-0.333333	0.000000	0.333333	0.666667	1.000000	1.000000	1.000000	1.000000	1.000000	1.000000	1.000000	1.000000	1.000000	1.000000	1.000000	1.000000	1.000000	1.000000	1.000000	1.000000	1.000000	1.000000	1.000000	1.000000	1.000000
245	0.000000	1.000000	1.000000	-0.666667	-0.333333	0.000000	0.333333	0.666667	1.000000	1.000000	1.000000	1.000000	1.000000	1.000000	1.000000	1.000000	1.000000	1.000000	1.000000	1.000000	1.000000	1.000000	1.000000	1.000000	1.000000	1.000000	1.000000	1.000000	1.000000
246	0.000000	1.000000	1.000000	-0.666667	-0.333333	0.000000	0.333333	0.666667	1.000000	1.000000	1.000000	1.000000	1.000000	1.000000	1.000000	1.000000	1.000000	1.000000	1.000000	1.000000	1.000000	1.000000	1.000000	1.000000	1.000000	1.000000	1.000000	1.000000	1.000000
247	0.000000	1.000000	1.000000	-0.666667	-0.333333	0.000000	0.333333	0.666667	1.000000	1.000000	1.000000	1.000000	1.000000	1.000000	1.000000	1.000000	1.000000	1.000000	1.000000	1.000000	1.000000	1.000000	1.000000	1.000000	1.000000	1.000000	1.000000	1.000000	1.000000
248	0.000000	1.000000	1.000000	-0.666667	-0.333333	0.000000	0.333333	0.666667	1.000000	1.000000	1.000000	1.000000	1.000000	1.000000	1.000000	1.000000	1.000000	1.000000	1.000000	1.000000	1.000000	1.000000	1.000000	1.000000	1.000000	1.000000	1.000000	1.000000	1.000000
249	0.000000	1.000000	1.000000	-0.666667	-0.333333	0.000000	0.333333	0.666667	1.000000	1.000000	1.000000	1.000000	1.000000	1.000000	1.000000	1.000000	1.000000	1.000000	1.000000	1.000000	1.000000	1.000000	1.000000	1.000000	1.000000	1.000000	1.000000	1.000000	1.000000
250	0.000000	1.000000	1.000000	-0.666667	-0.333333	0.000000	0.333333	0.666667	1.000000	1.000000	1.000000	1.000000	1.000000	1.000000	1.000000	1.000000	1.000000	1.000000	1.000000	1.000000	1.000000	1.000000	1.000000	1.000000	1.000000	1.000000	1.000000	1.000000	1.000000
251	0.000000	1.000000	1.000000	-0.666667	-0.333333	0.000000	0.333333	0.666667	1.000000	1.000000	1.000000	1.000000	1.000000	1.000000	1.000000	1.000000	1.000000	1.000000	1.000000	1.000000	1.000000	1.000000	1.000000	1.000000	1.000000	1.000000	1.000000	1.000000	1.000000
252	0.000000	1.000000	1.000000	-0.666667	-0.333333	0.000000	0.333333	0.666667	1.000000	1.000000	1.000000	1.000000	1.000000	1.000000	1.000000	1.000000	1.000000	1.000000	1.000000	1.000000	1.000000	1.000000	1.000000	1.000000	1.000000	1.000000	1.000000	1.000000	1.000000
253	0.000000	1.000000	1.000000	-0.666667	-0.333333	0.000000	0.333333	0.666667	1.000000	1.000000	1.000000	1.000000	1.000000	1.000000	1.000000	1.000000	1.000000	1.000000	1.000000	1.000000	1.000000	1.000000	1.000000	1.000000	1.000000	1.000000	1.000000	1.000000	1.000000
254	0.000000	1.000000	1.000000	-0.666667	-0.333333	0.000000	0.333333	0.666667	1.000000	1.000000	1.000000	1.000000	1.000000	1.000000	1.000000	1.000000	1.000000	1.000000	1.000000	1.000000	1.000000	1.000000	1.000000	1.000000	1.000000	1.000000	1.000000	1.000000	1.000000
