0.001000	0.000000	0.000000	0.000031	0.000000	0.000000	0.000031
0.021000	0.000000	0.000000	0.000035	0.000000	0.000002	0.000707
0.041000	0.000000	0.000000	0.000037	0.000000	0.000004	0.001436
0.061000	0.000000	0.000000	0.000038	0.000000	0.000008	0.002189
0.081000	0.000000	0.000000	0.000038	0.000000	0.000014	0.002955
0.101000	0.000000	0.000000	0.000039	0.000000	0.000021	0.003728
0.121000	0.000000	0.000000	0.000039	0.000000	0.000028	0.004509
0.141000	0.000000	0.000000	0.000040	0.000000	0.000036	0.005303
0.161000	0.000000	0.000000	0.000040	0.000000	0.000044	0.006104
0.181000	0.000000	0.000000	0.000041	0.000000	0.000054	0.006911
0.201000	0.000000	0.000001	0.000042	0.000000	0.000064	0.007737
0.221000	0.000000	0.000001	0.000042	0.000000	0.000075	0.008576
0.241000	0.000000	0.000001	0.000042	0.000000	0.000086	0.009418
0.261000	0.000000	0.000001	0.000042	0.000000	0.000097	0.010264
0.281000	0.000000	0.000001	0.000043	0.000000	0.000108	0.011115
0.301000	0.000000	0.000001	0.000043	0.000000	0.000120	0.011971
0.321000	0.000000	0.000001	0.000043	0.000000	0.000132	0.012829
0.341000	0.000000	0.000001	0.000043	0.000000	0.000144	0.013691
0.361000	0.000000	0.000001	0.000043	0.000000	0.000157	0.014556
0.381000	0.000000	0.000001	0.000043	0.000000	0.000170	0.015423
0.401000	0.000000	0.000001	0.000043	0.000000	0.000183	0.016292
0.421000	0.000000	0.000001	0.000044	0.000000	0.000196	0.017164
0.441000	0.000000	0.000001	0.000044	0.000000	0.000212	0.018039
0.461000	0.000000	0.000001	0.000044	0.000000	0.000231	0.018918
0.481000	0.000000	0.000001	0.000044	0.000000	0.000253	0.019799
0.501000	0.000000	0.000001	0.000044	0.000000	0.000275	0.020684
0.521000	0.000000	0.000001	0.000045	0.000000	0.000299	0.021574
0.541000	0.000000	0.000001	0.000045	0.000000	0.000324	0.022467
0.561000	0.000000	0.000001	0.000045	0.000000	0.000349	0.023363
0.581000	0.000000	0.000001	0.000045	0.000000	0.000375	0.024261
0.601000	0.000000	0.000001	0.000045	0.000000	0.000402	0.025161
0.621000	0.000000	0.000001	0.000045	0.000000	0.000429	0.026063
0.641000	0.000000	0.000001	0.000045	0.000000	0.000457	0.026967
0.661000	0.000000	0.000001	0.000045	0.000000	0.000486	0.027874
0.681000	0.000000	0.000002	0.000046	0.000000	0.000516	0.028788
0.701000	0.000000	0.000002	0.000046	0.000000	0.000548	0.029707
0.721000	0.000000	0.000002	0.000046	0.000000	0.000580	0.030631
0.741000	0.000000	0.000002	0.000047	0.000000	0.000613	0.031562
0.761000	0.000000	0.000002	0.000047	0.000000	0.000646	0.032496
0.781000	0.000000	0.000002	0.000047	0.000000	0.000680	0.033433
0.801000	0.000000	0.000002	0.000047	0.000000	0.000715	0.034373
0.821000	0.000000	0.000002	0.000047	0.000000	0.000751	0.035317
0.841000	0.000000	0.000002	0.000047	0.000000	0.000787	0.036262
0.861000	0.000000	0.000002	0.000047	0.000001	0.000824	0.037209
0.881000	0.000000	0.000002	0.000047	0.000001	0.000862	0.038158
0.901000	0.000000	0.000002	0.000048	0.000001	0.000900	0.039109
0.921000	0.000000	0.000002	0.000048	0.000001	0.000939	0.040062
0.941000	0.000000	0.000002	0.000048	0.000001	0.000978	0.041016
0.961000	0.000000	0.000002	0.000048	0.000001	0.001018	0.041972
0.981000	0.000000	0.000002	0.000048	0.000001	0.001058	0.042930
1.001000	0.000000	0.000002	0.000048	0.000001	0.001098	0.043890
1.021000	0.000000	0.000002	0.000048	0.000001	0.001139	0.044853
1.041000	0.000000	0.000002	0.000048	0.000001	0.001181	0.045816
1.061000	0.000000	0.000002	0.000048	0.000001	0.001223	0.046782
1.081000	0.000000	0.000002	0.000048	0.000001	0.001266	0.047749
1.101000	0.000000	0.000002	0.000048	0.000001	0.001309	0.048717
1.121000	0.000000	0.000002	0.000049	0.000001	0.001353	0.049686
1.141000	0.000000	0.000002	0.000049	0.000001	0.001398	0.050656
1.161000	0.000000	0.000002	0.000049	0.000002	0.001444	0.051628
1.181000	0.000000	0.000002	0.000049	0.000002	0.001490	0.052601
1.201000	0.000000	0.000002	0.000049	0.000002	0.001537	0.053576
1.221000	0.000000	0.000002	0.000049	0.000002	0.001585	0.054553
1.241000	0.000000	0.000002	0.000049	0.000002	0.001633	0.055531
1.261000	0.000000	0.000002	0.000049	0.000002	0.001683	0.056510
1.281000	0.000000	0.000003	0.000049	0.000002	0.001733	0.057490
1.301000	0.000000	0.000003	0.000049	0.000002	0.001783	0.058471
1.321000	0.000000	0.000003	0.000049	0.000003	0.001834	0.059454
1.341000	0.000000	0.000003	0.000049	0.000003	0.001886	0.060437
1.361000	0.000000	0.000003	0.000049	0.000003	0.001939	0.061422
1.381000	0.000000	0.000003	0.000049	0.000003	0.001992	0.062407
1.401000	0.000000	0.000003	0.000049	0.000003	0.002046	0.063393
1.421000	0.000000	0.000003	0.000049	0.000003	0.002100	0.064381
1.441000	0.000000	0.000003	0.000050	0.000003	0.002155	0.065370
1.461000	0.000000	0.000003	0.000050	0.000004	0.002211	0.066361
1.481000	0.000000	0.000003	0.000050	0.000004	0.002267	0.067353
1.501000	0.000000	0.000003	0.000050	0.000004	0.002324	0.068346
1.521000	0.000000	0.000003	0.000050	0.000004	0.002381	0.069342
1.541000	0.000000	0.000003	0.000050	0.000004	0.002439	0.070339
1.561000	0.000000	0.000003	0.000050	0.000005	0.002497	0.071337
1.581000	0.000000	0.000003	0.000050	0.000005	0.002556	0.072337
1.601000	0.000000	0.000003	0.000050	0.000005	0.002616	0.073338
1.621000	0.000000	0.000003	0.000050	0.000005	0.002676	0.074341
1.641000	0.000000	0.000003	0.000050	0.000006	0.002736	0.075344
1.661000	0.000000	0.000003	0.000050	0.000006	0.002797	0.076348
1.681000	0.000000	0.000003	0.000050	0.000006	0.002858	0.077354
1.701000	0.000000	0.000003	0.000050	0.000006	0.002919	0.078360
1.721000	0.000000	0.000003	0.000050	0.000007	0.002981	0.079367
1.741000	0.000000	0.000003	0.000050	0.000007	0.003044	0.080375
1.761000	0.000000	0.000003	0.000051	0.000007	0.003107	0.081385
1.781000	0.000000	0.000003	0.000051	0.000007	0.003170	0.082395
1.801000	0.000000	0.000003	0.000051	0.000008	0.003234	0.083407
1.821000	0.000000	0.000003	0.000051	0.000008	0.003298	0.084420
1.841000	0.000000	0.000003	0.000051	0.000008	0.003362	0.085434
1.861000	0.000000	0.000003	0.000051	0.000009	0.003427	0.086449
1.881000	0.000000	0.000003	0.000051	0.000009	0.003492	0.087465
1.901000	0.000000	0.000003	0.000051	0.000009	0.003558	0.088483
1.921000	0.000000	0.000003	0.000051	0.000010	0.003624	0.089502
1.941000	0.000000	0.000003	0.000051	0.000010	0.003691	0.090522
1.961000	0.000000	0.000003	0.000051	0.000010	0.003758	0.091545
1.981000	0.000000	0.000003	0.000051	0.000011	0.003826	0.092569
2.001000	0.000000	0.000003	0.000052	0.000011	0.003895	0.093597
2.021000	0.000000	0.000004	0.000052	0.000011	0.003965	0.094630
2.041000	0.000000	0.000004	0.000052	0.000012	0.004035	0.095668
2.061000	0.000000	0.000004	0.000052	0.000012	0.004106	0.096708
2.081000	0.000000	0.000004	0.000052	0.000013	0.004178	0.097751
2.101000	0.000000	0.000004	0.000052	0.000013	0.004251	0.098796
2.121000	0.000000	0.000004	0.000052	0.000013	0.004324	0.099845
2.141000	0.000000	0.000004	0.000053	0.000014	0.004399	0.100896
2.161000	0.000000	0.000004	0.000053	0.000014	0.004474	0.101950
2.181000	0.000000	0.000004	0.000053	0.000015	0.004551	0.103006
2.201000	0.000000	0.000004	0.000053	0.000015	0.004629	0.104063
2.221000	0.000000	0.000004	0.000053	0.000016	0.004710	0.105123
2.241000	0.000000	0.000004	0.000053	0.000016	0.004795	0.106183
2.261000	0.000000	0.000005	0.000053	0.000017	0.004883	0.107245
2.281000	0.000000	0.000005	0.000053	0.000017	0.004975	0.108308
2.301000	0.000000	0.000005	0.000053	0.000018	0.005069	0.109372
2.321000	0.000000	0.000005	0.000053	0.000018	0.005165	0.110438
2.341000	0.000000	0.000005	0.000053	0.000019	0.005264	0.111505
2.361000	0.000000	0.000005	0.000053	0.000019	0.005365	0.112573
2.381000	0.000000	0.000005	0.000053	0.000020	0.005469	0.113643
2.401000	0.000000	0.000005	0.000054	0.000020	0.005576	0.114714
2.421000	0.000000	0.000005	0.000054	0.000021	0.005685	0.115785
2.441000	0.000000	0.000006	0.000054	0.000022	0.005795	0.116858
2.461000	0.000000	0.000006	0.000054	0.000022	0.005909	0.117932
2.481000	0.000000	0.000006	0.000054	0.000023	0.006024	0.119007
2.501000	0.000000	0.000006	0.000054	0.000024	0.006139	0.120083
2.521000	0.000000	0.000006	0.000054	0.000024	0.006257	0.121159
2.541000	0.000000	0.000006	0.000054	0.000025	0.006376	0.122237
2.561000	0.000000	0.000006	0.000054	0.000026	0.006497	0.123315
2.581000	0.000000	0.000006	0.000054	0.000026	0.006619	0.124395
2.601000	0.000000	0.000006	0.000054	0.000027	0.006742	0.125475
2.621000	0.000000	0.000006	0.000054	0.000028	0.006866	0.126556
2.641000	0.000000	0.000006	0.000054	0.000029	0.006991	0.127638
2.661000	0.000000	0.000006	0.000054	0.000029	0.007117	0.128721
2.681000	0.000000	0.000006	0.000054	0.000030	0.007246	0.129804
2.701000	0.000000	0.000006	0.000054	0.000031	0.007375	0.130889
2.721000	0.000000	0.000007	0.000054	0.000032	0.007505	0.131975
2.741000	0.000000	0.000007	0.000054	0.000033	0.007636	0.133061
2.761000	0.000000	0.000007	0.000054	0.000034	0.007768	0.134149
2.781000	0.000000	0.000007	0.000054	0.000035	0.007901	0.135237
2.801000	0.000000	0.000007	0.000054	0.000036	0.008035	0.136326
2.821000	0.000000	0.000007	0.000055	0.000037	0.008169	0.137416
2.841000	0.000000	0.000007	0.000055	0.000038	0.008305	0.138507
2.861000	0.000000	0.000007	0.000055	0.000039	0.008442	0.139599
2.881000	0.000000	0.000007	0.000055	0.000040	0.008580	0.140691
2.901000	0.000000	0.000007	0.000055	0.000041	0.008718	0.141783
2.921000	0.000000	0.000007	0.000055	0.000042	0.008858	0.142876
2.941000	0.000000	0.000007	0.000055	0.000043	0.008998	0.143970
2.961000	0.000000	0.000007	0.000055	0.000045	0.009140	0.145064
2.981000	0.000000	0.000007	0.000055	0.000046	0.009282	0.146159
3.001000	0.000000	0.000007	0.000055	0.000047	0.009426	0.147256
3.021000	0.000000	0.000007	0.000055	0.000049	0.009571	0.148353
3.041000	0.000000	0.000007	0.000055	0.000050	0.009717	0.149450
3.061000	0.000000	0.000007	0.000055	0.000051	0.009864	0.150548
3.081000	0.000000	0.000007	0.000055	0.000053	0.010013	0.151646
3.101000	0.000000	0.000007	0.000055	0.000054	0.010163	0.152745
3.121000	0.000000	0.000008	0.000055	0.000056	0.010313	0.153845
3.141000	0.000000	0.000008	0.000055	0.000057	0.010466	0.154945
3.161000	0.000000	0.000008	0.000055	0.000059	0.010619	0.156046
3.181000	0.000000	0.000008	0.000055	0.000061	0.010773	0.157148
3.201000	0.000000	0.000008	0.000055	0.000062	0.010928	0.158251
3.221000	0.000000	0.000008	0.000055	0.000064	0.011085	0.159354
3.241000	0.000000	0.000008	0.000055	0.000066	0.011242	0.160457
3.261000	0.000000	0.000008	0.000055	0.000068	0.011401	0.161561
3.281000	0.000000	0.000008	0.000055	0.000069	0.011561	0.162667
3.301000	0.000000	0.000008	0.000055	0.000071	0.011722	0.163772
3.321000	0.000000	0.000008	0.000055	0.000073	0.011884	0.164878
3.341000	0.000000	0.000008	0.000055	0.000075	0.012047	0.165985
3.361000	0.000000	0.000008	0.000055	0.000077	0.012211	0.167093
3.381000	0.000000	0.000008	0.000055	0.000079	0.012377	0.168201
3.401000	0.000000	0.000008	0.000055	0.000081	0.012544	0.169309
3.421000	0.000000	0.000008	0.000055	0.000083	0.012712	0.170418
3.441000	0.000000	0.000009	0.000055	0.000085	0.012881	0.171527
3.461000	0.000000	0.000009	0.000056	0.000088	0.013052	0.172638
3.481000	0.000000	0.000009	0.000056	0.000090	0.013223	0.173749
3.501000	0.000000	0.000009	0.000056	0.000092	0.013396	0.174860
3.521000	0.000000	0.000009	0.000056	0.000095	0.013570	0.175972
3.541000	0.000000	0.000009	0.000056	0.000097	0.013745	0.177085
3.561000	0.000000	0.000009	0.000056	0.000099	0.013921	0.178199
3.581000	0.000000	0.000009	0.000056	0.000102	0.014099	0.179312
3.601000	0.000000	0.000009	0.000056	0.000104	0.014278	0.180427
3.621000	0.000000	0.000009	0.000056	0.000107	0.014458	0.181541
3.641000	0.000000	0.000009	0.000056	0.000109	0.014640	0.182657
3.661000	0.000000	0.000009	0.000056	0.000112	0.014822	0.183774
3.681000	0.000000	0.000009	0.000056	0.000115	0.015006	0.184891
3.701000	0.000000	0.000009	0.000056	0.000118	0.015190	0.186009
3.721000	0.000000	0.000009	0.000056	0.000120	0.015375	0.187128
3.741000	0.000000	0.000009	0.000056	0.000123	0.015561	0.188248
3.761000	0.000000	0.000009	0.000056	0.000126	0.015748	0.189367
3.781000	0.000000	0.000009	0.000056	0.000129	0.015937	0.190487
3.801000	0.000000	0.000010	0.000056	0.000132	0.016126	0.191609
3.821000	0.000000	0.000010	0.000056	0.000136	0.016317	0.192731
3.841000	0.000000	0.000010	0.000056	0.000139	0.016509	0.193854
3.861000	0.000000	0.000010	0.000056	0.000142	0.016701	0.194978
3.881000	0.000000	0.000010	0.000056	0.000146	0.016895	0.196102
3.901000	0.000000	0.000010	0.000056	0.000149	0.017089	0.197227
3.921000	0.000000	0.000010	0.000056	0.000152	0.017284	0.198353
3.941000	0.000000	0.000010	0.000056	0.000156	0.017479	0.199479
3.961000	0.000000	0.000010	0.000056	0.000160	0.017676	0.200607
3.981000	0.000000	0.000010	0.000056	0.000164	0.017874	0.201735
4.001000	0.000000	0.000010	0.000056	0.000167	0.018073	0.202863
4.021000	0.000000	0.000010	0.000057	0.000171	0.018273	0.203993
4.041000	0.000000	0.000010	0.000057	0.000175	0.018474	0.205123
4.061000	0.000000	0.000010	0.000057	0.000179	0.018676	0.206254
4.081000	0.000000	0.000010	0.000057	0.000183	0.018880	0.207385
4.101000	0.000000	0.000010	0.000057	0.000188	0.019085	0.208516
4.121000	0.000000	0.000010	0.000057	0.000192	0.019291	0.209649
4.141000	0.000000	0.000010	0.000057	0.000196	0.019498	0.210782
4.161000	0.000000	0.000010	0.000057	0.000201	0.019706	0.211916
4.181000	0.000000	0.000010	0.000057	0.000205	0.019915	0.213050
4.201000	0.000000	0.000011	0.000057	0.000210	0.020125	0.214184
4.221000	0.000000	0.000011	0.000057	0.000215	0.020337	0.215320
4.241000	0.000000	0.000011	0.000057	0.000220	0.020549	0.216456
4.261000	0.000000	0.000011	0.000057	0.000225	0.020764	0.217592
4.281000	0.000000	0.000011	0.000057	0.000230	0.020979	0.218729
4.301000	0.000000	0.000011	0.000057	0.000235	0.021196	0.219867
4.321000	0.000000	0.000011	0.000057	0.000241	0.021413	0.221006
4.341000	0.000000	0.000011	0.000057	0.000246	0.021632	0.222145
4.361000	0.000000	0.000011	0.000057	0.000252	0.021852	0.223285
4.381000	0.000000	0.000011	0.000057	0.000258	0.022073	0.224425
4.401000	0.000000	0.000011	0.000057	0.000263	0.022294	0.225567
4.421000	0.000000	0.000011	0.000057	0.000269	0.022517	0.226709
4.441000	0.000000	0.000011	0.000057	0.000275	0.022740	0.227853
4.461000	0.000000	0.000011	0.000057	0.000282	0.022964	0.228997
4.481000	0.000000	0.000011	0.000057	0.000288	0.023189	0.230142
4.501000	0.000000	0.000011	0.000057	0.000294	0.023416	0.231289
4.521000	0.000000	0.000011	0.000057	0.000301	0.023644	0.232437
4.541000	0.000000	0.000011	0.000058	0.000308	0.023872	0.233586
4.561000	0.000000	0.000012	0.000058	0.000315	0.024102	0.234736
4.581000	0.000000	0.000012	0.000058	0.000322	0.024334	0.235887
4.601000	0.000000	0.000012	0.000058	0.000329	0.024566	0.237040
4.621000	0.000000	0.000012	0.000058	0.000336	0.024799	0.238195
4.641000	0.000000	0.000012	0.000058	0.000344	0.025034	0.239353
4.661000	0.000000	0.000012	0.000058	0.000351	0.025270	0.240513
4.681000	0.000000	0.000012	0.000058	0.000359	0.025507	0.241675
4.701000	0.000000	0.000012	0.000058	0.000367	0.025745	0.242840
4.721000	0.000000	0.000012	0.000058	0.000375	0.025985	0.244007
4.741000	0.000000	0.000012	0.000059	0.000383	0.026226	0.245177
4.761000	0.000000	0.000012	0.000059	0.000391	0.026470	0.246348
4.781000	0.000000	0.000012	0.000059	0.000399	0.026715	0.247521
4.801000	0.000000	0.000012	0.000059	0.000407	0.026960	0.248695
4.821000	0.000000	0.000012	0.000059	0.000416	0.027208	0.249872
4.841000	0.000000	0.000012	0.000059	0.000425	0.027458	0.251049
4.861000	0.000000	0.000013	0.000059	0.000433	0.027708	0.252228
4.881000	0.000000	0.000013	0.000059	0.000442	0.027960	0.253409
4.901000	0.000000	0.000013	0.000059	0.000451	0.028213	0.254591
4.921000	0.000000	0.000013	0.000059	0.000461	0.028468	0.255774
4.941000	0.000000	0.000013	0.000059	0.000470	0.028725	0.256958
4.961000	0.000000	0.000013	0.000059	0.000479	0.028984	0.258145
4.981000	0.000000	0.000013	0.000059	0.000489	0.029244	0.259333
5.001000	0.000000	0.000013	0.000059	0.000499	0.029507	0.260522
5.021000	0.000001	0.000013	0.000059	0.000509	0.029771	0.261710
5.041000	0.000001	0.000013	0.000060	0.000519	0.030038	0.262901
5.061000	0.000001	0.000013	0.000060	0.000529	0.030307	0.264093
5.081000	0.000001	0.000014	0.000060	0.000540	0.030577	0.265286
5.101000	0.000001	0.000014	0.000060	0.000550	0.030848	0.266480
5.121000	0.000001	0.000014	0.000060	0.000561	0.031121	0.267675
5.141000	0.000001	0.000014	0.000060	0.000572	0.031395	0.268869
5.161000	0.000001	0.000014	0.000060	0.000583	0.031670	0.270065
5.181000	0.000001	0.000014	0.000060	0.000595	0.031947	0.271263
5.201000	0.000001	0.000014	0.000060	0.000606	0.032226	0.272461
5.221000	0.000001	0.000014	0.000060	0.000618	0.032506	0.273660
5.241000	0.000001	0.000014	0.000060	0.000630	0.032787	0.274859
5.261000	0.000001	0.000014	0.000060	0.000642	0.033071	0.276060
5.281000	0.000001	0.000014	0.000060	0.000654	0.033356	0.277260
5.301000	0.000001	0.000014	0.000060	0.000667	0.033643	0.278462
5.321000	0.000001	0.000014	0.000060	0.000679	0.033932	0.279665
5.341000	0.000001	0.000015	0.000060	0.000692	0.034222	0.280869
5.361000	0.000001	0.000015	0.000060	0.000705	0.034514	0.282074
5.381000	0.000001	0.000015	0.000060	0.000719	0.034807	0.283280
5.401000	0.000001	0.000015	0.000060	0.000732	0.035101	0.284486
5.421000	0.000001	0.000015	0.000060	0.000745	0.035396	0.285693
5.441000	0.000001	0.000015	0.000060	0.000759	0.035693	0.286900
5.461000	0.000001	0.000015	0.000060	0.000773	0.035991	0.288109
5.481000	0.000001	0.000015	0.000060	0.000787	0.036290	0.289318
5.501000	0.000001	0.000015	0.000061	0.000801	0.036591	0.290528
5.521000	0.000001	0.000015	0.000061	0.000816	0.036894	0.291739
5.541000	0.000001	0.000015	0.000061	0.000831	0.037199	0.292951
5.561000	0.000001	0.000015	0.000061	0.000846	0.037504	0.294164
5.581000	0.000001	0.000015	0.000061	0.000861	0.037812	0.295376
5.601000	0.000001	0.000015	0.000061	0.000876	0.038121	0.296590
5.621000	0.000001	0.000016	0.000061	0.000891	0.038431	0.297805
5.641000	0.000001	0.000016	0.000061	0.000907	0.038743	0.299020
5.661000	0.000001	0.000016	0.000061	0.000923	0.039055	0.300236
5.681000	0.000001	0.000016	0.000061	0.000939	0.039369	0.301452
5.701000	0.000001	0.000016	0.000061	0.000956	0.039684	0.302669
5.721000	0.000001	0.000016	0.000061	0.000972	0.040001	0.303887
5.741000	0.000001	0.000016	0.000061	0.000989	0.040320	0.305105
5.761000	0.000001	0.000016	0.000061	0.001007	0.040640	0.306323
5.781000	0.000001	0.000016	0.000061	0.001024	0.040963	0.307542
5.801000	0.000001	0.000016	0.000061	0.001042	0.041287	0.308761
5.821000	0.000001	0.000016	0.000061	0.001060	0.041612	0.309982
5.841000	0.000001	0.000016	0.000061	0.001078	0.041939	0.311203
5.861000	0.000001	0.000016	0.000061	0.001096	0.042268	0.312425
5.881000	0.000001	0.000017	0.000061	0.001115	0.042597	0.313647
5.901000	0.000001	0.000017	0.000061	0.001134	0.042929	0.314869
5.921000	0.000001	0.000017	0.000061	0.001154	0.043261	0.316092
5.941000	0.000001	0.000017	0.000061	0.001173	0.043595	0.317316
5.961000	0.000001	0.000017	0.000061	0.001193	0.043930	0.318541
5.981000	0.000001	0.000017	0.000061	0.001213	0.044266	0.319766
6.001000	0.000001	0.000017	0.000061	0.001233	0.044604	0.320991
6.021000	0.000001	0.000017	0.000061	0.001253	0.044944	0.322218
6.041000	0.000001	0.000017	0.000061	0.001274	0.045285	0.323446
6.061000	0.000001	0.000017	0.000061	0.001295	0.045629	0.324673
6.081000	0.000001	0.000017	0.000061	0.001316	0.045974	0.325902
6.101000	0.000001	0.000017	0.000061	0.001338	0.046320	0.327131
6.121000	0.000001	0.000017	0.000062	0.001359	0.046668	0.328361
6.141000	0.000001	0.000017	0.000062	0.001382	0.047017	0.329591
6.161000	0.000001	0.000018	0.000062	0.001404	0.047368	0.330822
6.181000	0.000001	0.000018	0.000062	0.001427	0.047720	0.332054
6.201000	0.000001	0.000018	0.000062	0.001450	0.048074	0.333286
6.221000	0.000001	0.000018	0.000062	0.001473	0.048430	0.334519
6.241000	0.000001	0.000018	0.000062	0.001497	0.048788	0.335753
6.261000	0.000001	0.000018	0.000062	0.001521	0.049147	0.336986
6.281000	0.000001	0.000018	0.000062	0.001545	0.049508	0.338221
6.301000	0.000001	0.000018	0.000062	0.001570	0.049871	0.339455
6.321000	0.000001	0.000018	0.000062	0.001595	0.050234	0.340690
6.341000	0.000001	0.000018	0.000062	0.001621	0.050599	0.341927
6.361000	0.000001	0.000018	0.000062	0.001646	0.050966	0.343163
6.381000	0.000001	0.000019	0.000062	0.001672	0.051337	0.344400
6.401000	0.000001	0.000019	0.000062	0.001699	0.051708	0.345638
6.421000	0.000001	0.000019	0.000062	0.001725	0.052081	0.346876
6.441000	0.000001	0.000019	0.000062	0.001752	0.052456	0.348114
6.461000	0.000001	0.000019	0.000062	0.001779	0.052832	0.349353
6.481000	0.000001	0.000019	0.000062	0.001807	0.053212	0.350593
6.501000	0.000001	0.000019	0.000062	0.001834	0.053596	0.351833
6.521000	0.000001	0.000019	0.000062	0.001862	0.053981	0.353073
6.541000	0.000001	0.000020	0.000062	0.001891	0.054372	0.354314
6.561000	0.000001	0.000020	0.000062	0.001920	0.054766	0.355554
6.581000	0.000001	0.000020	0.000062	0.001949	0.055162	0.356796
6.601000	0.000001	0.000020	0.000062	0.001978	0.055563	0.358038
6.621000	0.000001	0.000020	0.000062	0.002008	0.055967	0.359281
6.641000	0.000002	0.000020	0.000062	0.002038	0.056374	0.360524
6.661000	0.000002	0.000021	0.000062	0.002069	0.056786	0.361768
6.681000	0.000002	0.000021	0.000062	0.002099	0.057202	0.363012
6.701000	0.000002	0.000021	0.000062	0.002130	0.057621	0.364256
6.721000	0.000002	0.000021	0.000062	0.002162	0.058045	0.365501
6.741000	0.000002	0.000022	0.000062	0.002194	0.058475	0.366747
6.761000	0.000002	0.000022	0.000062	0.002226	0.058910	0.367993
6.781000	0.000002	0.000022	0.000062	0.002259	0.059352	0.369240
6.801000	0.000002	0.000022	0.000062	0.002292	0.059800	0.370486
6.821000	0.000002	0.000023	0.000062	0.002325	0.060252	0.371733
6.841000	0.000002	0.000023	0.000062	0.002359	0.060711	0.372982
6.861000	0.000002	0.000023	0.000062	0.002393	0.061178	0.374231
6.881000	0.000002	0.000024	0.000062	0.002428	0.061653	0.375481
6.901000	0.000002	0.000024	0.000062	0.002463	0.062132	0.376730
6.921000	0.000002	0.000024	0.000063	0.002498	0.062617	0.377980
6.941000	0.000002	0.000025	0.000063	0.002533	0.063108	0.379231
6.961000	0.000002	0.000025	0.000063	0.002569	0.063606	0.380482
6.981000	0.000002	0.000025	0.000063	0.002605	0.064109	0.381734
7.001000	0.000002	0.000026	0.000063	0.002642	0.064617	0.382987
7.021000	0.000002	0.000026	0.000063	0.002679	0.065130	0.384239
7.041000	0.000002	0.000026	0.000063	0.002717	0.065647	0.385492
7.061000	0.000002	0.000026	0.000063	0.002754	0.066169	0.386746
7.081000	0.000002	0.000027	0.000063	0.002792	0.066697	0.388001
7.101000	0.000002	0.000027	0.000063	0.002831	0.067229	0.389257
7.121000	0.000002	0.000027	0.000063	0.002870	0.067766	0.390513
7.141000	0.000002	0.000027	0.000063	0.002909	0.068307	0.391769
7.161000	0.000002	0.000027	0.000063	0.002949	0.068853	0.393025
7.181000	0.000002	0.000028	0.000063	0.002990	0.069404	0.394283
7.201000	0.000002	0.000028	0.000063	0.003030	0.069959	0.395542
7.221000	0.000002	0.000028	0.000063	0.003071	0.070519	0.396800
7.241000	0.000002	0.000028	0.000063	0.003113	0.071086	0.398060
7.261000	0.000002	0.000029	0.000063	0.003154	0.071657	0.399319
7.281000	0.000002	0.000029	0.000063	0.003197	0.072235	0.400580
7.301000	0.000002	0.000029	0.000063	0.003239	0.072817	0.401841
7.321000	0.000002	0.000029	0.000063	0.003282	0.073403	0.403103
7.341000	0.000002	0.000030	0.000063	0.003326	0.073993	0.404365
7.361000	0.000002	0.000030	0.000063	0.003370	0.074587	0.405627
7.381000	0.000002	0.000030	0.000063	0.003414	0.075183	0.406890
7.401000	0.000002	0.000030	0.000063	0.003459	0.075786	0.408154
7.421000	0.000002	0.000030	0.000063	0.003504	0.076391	0.409419
7.441000	0.000002	0.000031	0.000063	0.003549	0.077002	0.410684
7.461000	0.000002	0.000031	0.000063	0.003595	0.077617	0.411949
7.481000	0.000002	0.000031	0.000063	0.003641	0.078237	0.413215
7.501000	0.000002	0.000031	0.000063	0.003687	0.078861	0.414481
7.521000	0.000002	0.000031	0.000063	0.003734	0.079487	0.415748
7.541000	0.000002	0.000032	0.000063	0.003781	0.080115	0.417016
7.561000	0.000002	0.000032	0.000063	0.003829	0.080748	0.418284
7.581000	0.000002	0.000032	0.000063	0.003878	0.081384	0.419552
7.601000	0.000002	0.000032	0.000063	0.003927	0.082023	0.420821
7.621000	0.000002	0.000032	0.000064	0.003976	0.082664	0.422091
7.641000	0.000002	0.000032	0.000064	0.004025	0.083309	0.423362
7.661000	0.000003	0.000032	0.000064	0.004075	0.083957	0.424633
7.681000	0.000003	0.000033	0.000064	0.004126	0.084608	0.425904
7.701000	0.000003	0.000033	0.000064	0.004176	0.085264	0.427176
7.721000	0.000003	0.000033	0.000064	0.004228	0.085923	0.428448
7.741000	0.000003	0.000033	0.000064	0.004279	0.086585	0.429722
7.761000	0.000003	0.000033	0.000064	0.004331	0.087249	0.430996
7.781000	0.000003	0.000033	0.000064	0.004384	0.087917	0.432271
7.801000	0.000003	0.000034	0.000064	0.004437	0.088588	0.433546
7.821000	0.000003	0.000034	0.000064	0.004490	0.089261	0.434821
7.841000	0.000003	0.000034	0.000064	0.004544	0.089936	0.436098
7.861000	0.000003	0.000034	0.000064	0.004598	0.090613	0.437376
7.881000	0.000003	0.000034	0.000064	0.004653	0.091294	0.438653
7.901000	0.000003	0.000034	0.000064	0.004708	0.091977	0.439931
7.921000	0.000003	0.000034	0.000064	0.004764	0.092663	0.441209
7.941000	0.000003	0.000035	0.000064	0.004820	0.093352	0.442489
7.961000	0.000003	0.000035	0.000064	0.004878	0.094045	0.443769
7.981000	0.000003	0.000035	0.000064	0.004936	0.094740	0.445050
8.001000	0.000003	0.000035	0.000064	0.004994	0.095439	0.446331
8.021000	0.000003	0.000035	0.000064	0.005053	0.096140	0.447613
8.041000	0.000003	0.000035	0.000064	0.005113	0.096844	0.448896
8.061000	0.000003	0.000035	0.000064	0.005173	0.097552	0.450180
8.081000	0.000003	0.000036	0.000064	0.005234	0.098262	0.451464
8.101000	0.000003	0.000036	0.000064	0.005296	0.098974	0.452748
8.121000	0.000003	0.000036	0.000064	0.005357	0.099688	0.454034
8.141000	0.000003	0.000036	0.000064	0.005420	0.100406	0.455321
8.161000	0.000003	0.000036	0.000064	0.005483	0.101127	0.456608
8.181000	0.000003	0.000036	0.000064	0.005546	0.101850	0.457896
8.201000	0.000003	0.000036	0.000065	0.005611	0.102576	0.459186
8.221000	0.000003	0.000036	0.000065	0.005676	0.103304	0.460477
8.241000	0.000003	0.000037	0.000065	0.005742	0.104035	0.461769
8.261000	0.000003	0.000037	0.000065	0.005808	0.104769	0.463062
8.281000	0.000003	0.000037	0.000065	0.005875	0.105507	0.464356
8.301000	0.000003	0.000037	0.000065	0.005943	0.106247	0.465652
8.321000	0.000003	0.000037	0.000065	0.006011	0.106992	0.466950
8.341000	0.000003	0.000037	0.000065	0.006080	0.107738	0.468249
8.361000	0.000004	0.000037	0.000065	0.006150	0.108487	0.469551
8.381000	0.000004	0.000038	0.000065	0.006221	0.109238	0.470856
8.401000	0.000004	0.000038	0.000065	0.006293	0.109991	0.472163
8.421000	0.000004	0.000038	0.000066	0.006365	0.110747	0.473473
8.441000	0.000004	0.000038	0.000066	0.006438	0.111507	0.474785
8.461000	0.000004	0.000038	0.000066	0.006512	0.112270	0.476098
8.481000	0.000004	0.000038	0.000066	0.006587	0.113035	0.477414
8.501000	0.000004	0.000038	0.000066	0.006662	0.113802	0.478733
8.521000	0.000004	0.000039	0.000066	0.006739	0.114572	0.480053
8.541000	0.000004	0.000039	0.000066	0.006817	0.115346	0.481375
8.561000	0.000004	0.000039	0.000066	0.006895	0.116122	0.482699
8.581000	0.000004	0.000039	0.000066	0.006975	0.116901	0.484025
8.601000	0.000004	0.000039	0.000066	0.007055	0.117683	0.485352
8.621000	0.000004	0.000039	0.000066	0.007137	0.118469	0.486681
8.641000	0.000004	0.000039	0.000067	0.007219	0.119257	0.488011
8.661000	0.000004	0.000040	0.000067	0.007303	0.120047	0.489343
8.681000	0.000004	0.000040	0.000067	0.007389	0.120841	0.490676
8.701000	0.000004	0.000040	0.000067	0.007475	0.121640	0.492009
8.721000	0.000004	0.000040	0.000067	0.007562	0.122443	0.493345
8.741000	0.000004	0.000040	0.000067	0.007651	0.123248	0.494681
8.761000	0.000005	0.000040	0.000067	0.007741	0.124056	0.496019
8.781000	0.000005	0.000041	0.000067	0.007832	0.124868	0.497359
8.801000	0.000005	0.000041	0.000067	0.007924	0.125681	0.498699
8.821000	0.000005	0.000041	0.000067	0.008018	0.126498	0.500040
8.841000	0.000005	0.000041	0.000067	0.008113	0.127319	0.501383
8.861000	0.000005	0.000041	0.000067	0.008210	0.128143	0.502726
8.881000	0.000005	0.000041	0.000067	0.008308	0.128971	0.504071
8.901000	0.000005	0.000042	0.000067	0.008409	0.129802	0.505417
8.921000	0.000005	0.000042	0.000067	0.008511	0.130635	0.506763
8.941000	0.000005	0.000042	0.000067	0.008614	0.131471	0.508110
8.961000	0.000005	0.000042	0.000067	0.008720	0.132311	0.509458
8.981000	0.000005	0.000042	0.000067	0.008828	0.133153	0.510807
9.001000	0.000006	0.000042	0.000068	0.008937	0.134000	0.512157
9.021000	0.000006	0.000043	0.000068	0.009048	0.134851	0.513507
9.041000	0.000006	0.000043	0.000068	0.009161	0.135705	0.514860
9.061000	0.000006	0.000043	0.000068	0.009276	0.136564	0.516213
9.081000	0.000006	0.000043	0.000068	0.009392	0.137425	0.517566
9.101000	0.000006	0.000043	0.000068	0.009511	0.138290	0.518920
9.121000	0.000006	0.000044	0.000068	0.009631	0.139158	0.520274
9.141000	0.000006	0.000044	0.000068	0.009753	0.140030	0.521629
9.161000	0.000006	0.000044	0.000068	0.009879	0.140904	0.522985
9.181000	0.000006	0.000044	0.000068	0.010007	0.141782	0.524342
9.201000	0.000007	0.000044	0.000068	0.010137	0.142663	0.525700
9.221000	0.000007	0.000044	0.000068	0.010271	0.143548	0.527058
9.241000	0.000007	0.000044	0.000068	0.010407	0.144436	0.528418
9.261000	0.000007	0.000045	0.000068	0.010546	0.145327	0.529778
9.281000	0.000007	0.000045	0.000068	0.010687	0.146222	0.531138
9.301000	0.000007	0.000045	0.000068	0.010832	0.147119	0.532499
9.321000	0.000007	0.000045	0.000068	0.010980	0.148019	0.533859
9.341000	0.000008	0.000045	0.000068	0.011132	0.148923	0.535221
9.361000	0.000008	0.000046	0.000068	0.011285	0.149831	0.536584
9.381000	0.000008	0.000046	0.000068	0.011442	0.150743	0.537948
9.401000	0.000008	0.000046	0.000068	0.011601	0.151657	0.539312
9.421000	0.000008	0.000046	0.000068	0.011763	0.152575	0.540676
9.441000	0.000008	0.000046	0.000068	0.011928	0.153497	0.542042
9.461000	0.000008	0.000046	0.000068	0.012096	0.154423	0.543409
9.481000	0.000009	0.000046	0.000068	0.012266	0.155352	0.544776
9.501000	0.000009	0.000047	0.000068	0.012440	0.156284	0.546143
9.521000	0.000009	0.000047	0.000068	0.012617	0.157221	0.547510
9.541000	0.000009	0.000047	0.000068	0.012798	0.158160	0.548878
9.561000	0.000009	0.000047	0.000068	0.012981	0.159102	0.550247
9.581000	0.000010	0.000047	0.000068	0.013169	0.160047	0.551617
9.601000	0.000010	0.000047	0.000069	0.013361	0.160995	0.552987
9.621000	0.000010	0.000048	0.000069	0.013555	0.161948	0.554358
9.641000	0.000010	0.000048	0.000069	0.013754	0.162905	0.555729
9.661000	0.000010	0.000048	0.000069	0.013955	0.163865	0.557102
9.681000	0.000010	0.000048	0.000069	0.014162	0.164828	0.558475
9.701000	0.000011	0.000049	0.000069	0.014371	0.165795	0.559848
9.721000	0.000011	0.000049	0.000069	0.014584	0.166767	0.561222
9.741000	0.000011	0.000049	0.000069	0.014800	0.167743	0.562596
9.761000	0.000011	0.000049	0.000069	0.015019	0.168723	0.563971
9.781000	0.000011	0.000049	0.000069	0.015243	0.169705	0.565345
9.801000	0.000011	0.000049	0.000069	0.015471	0.170691	0.566720
9.821000	0.000012	0.000050	0.000069	0.015702	0.171683	0.568097
9.841000	0.000012	0.000050	0.000069	0.015938	0.172677	0.569474
9.861000	0.000012	0.000050	0.000069	0.016177	0.173675	0.570851
9.881000	0.000012	0.000050	0.000069	0.016420	0.174676	0.572229
9.901000	0.000012	0.000050	0.000069	0.016668	0.175681	0.573607
9.921000	0.000013	0.000050	0.000069	0.016919	0.176689	0.574987
9.941000	0.000013	0.000051	0.000069	0.017176	0.177700	0.576367
9.961000	0.000013	0.000051	0.000069	0.017436	0.178715	0.577747
9.981000	0.000013	0.000051	0.000069	0.017699	0.179734	0.579128
10.001000	0.000014	0.000051	0.000069	0.017967	0.180758	0.580509
10.021000	0.000014	0.000051	0.000069	0.018240	0.181786	0.581890
10.041000	0.000014	0.000052	0.000069	0.018519	0.182818	0.583271
10.061000	0.000014	0.000052	0.000069	0.018802	0.183853	0.584652
10.081000	0.000015	0.000052	0.000069	0.019090	0.184892	0.586035
10.101000	0.000015	0.000052	0.000069	0.019382	0.185936	0.587418
10.121000	0.000015	0.000052	0.000069	0.019678	0.186983	0.588802
10.141000	0.000015	0.000053	0.000069	0.019980	0.188034	0.590186
10.161000	0.000015	0.000053	0.000069	0.020286	0.189088	0.591571
10.181000	0.000016	0.000053	0.000069	0.020597	0.190145	0.592956
10.201000	0.000016	0.000053	0.000069	0.020911	0.191207	0.594342
10.221000	0.000016	0.000053	0.000069	0.021231	0.192273	0.595729
10.241000	0.000016	0.000054	0.000069	0.021556	0.193344	0.597116
10.261000	0.000017	0.000054	0.000069	0.021888	0.194418	0.598504
10.281000	0.000017	0.000054	0.000069	0.022226	0.195494	0.599891
10.301000	0.000017	0.000054	0.000069	0.022570	0.196575	0.601279
10.321000	0.000018	0.000054	0.000069	0.022921	0.197658	0.602667
10.341000	0.000018	0.000054	0.000069	0.023278	0.198745	0.604055
10.361000	0.000018	0.000055	0.000069	0.023641	0.199836	0.605445
10.381000	0.000019	0.000055	0.000070	0.024011	0.200932	0.606835
10.401000	0.000019	0.000055	0.000070	0.024385	0.202032	0.608226
10.421000	0.000019	0.000055	0.000070	0.024768	0.203139	0.609617
10.441000	0.000020	0.000056	0.000070	0.025156	0.204249	0.611008
10.461000	0.000020	0.000056	0.000070	0.025552	0.205361	0.612400
10.481000	0.000020	0.000056	0.000070	0.025956	0.206476	0.613792
10.501000	0.000021	0.000056	0.000070	0.026366	0.207595	0.615185
10.521000	0.000021	0.000056	0.000070	0.026785	0.208719	0.616579
10.541000	0.000021	0.000057	0.000070	0.027210	0.209849	0.617973
10.561000	0.000022	0.000057	0.000070	0.027643	0.210985	0.619368
10.581000	0.000022	0.000057	0.000070	0.028084	0.212124	0.620762
10.601000	0.000023	0.000057	0.000070	0.028532	0.213267	0.622157
10.621000	0.000023	0.000057	0.000070	0.028990	0.214416	0.623552
10.641000	0.000024	0.000058	0.000070	0.029457	0.215567	0.624947
10.661000	0.000024	0.000058	0.000070	0.029937	0.216722	0.626343
10.681000	0.000024	0.000058	0.000070	0.030423	0.217887	0.627739
10.701000	0.000025	0.000059	0.000070	0.030920	0.219059	0.629137
10.721000	0.000025	0.000059	0.000070	0.031425	0.220234	0.630534
10.741000	0.000026	0.000059	0.000070	0.031937	0.221413	0.631933
10.761000	0.000026	0.000060	0.000070	0.032460	0.222602	0.633331
10.781000	0.000027	0.000060	0.000070	0.032994	0.223795	0.634730
10.801000	0.000028	0.000060	0.000070	0.033541	0.224995	0.636128
10.821000	0.000028	0.000060	0.000070	0.034095	0.226200	0.637528
10.841000	0.000028	0.000061	0.000070	0.034658	0.227412	0.638929
10.861000	0.000029	0.000061	0.000070	0.035235	0.228627	0.640330
10.881000	0.000030	0.000061	0.000070	0.035824	0.229846	0.641731
10.901000	0.000030	0.000061	0.000070	0.036422	0.231071	0.643133
10.921000	0.000030	0.000062	0.000070	0.037027	0.232304	0.644534
10.941000	0.000031	0.000062	0.000070	0.037645	0.233545	0.645936
10.961000	0.000032	0.000062	0.000070	0.038281	0.234788	0.647339
10.981000	0.000033	0.000063	0.000070	0.038931	0.236041	0.648741
11.001000	0.000033	0.000063	0.000070	0.039589	0.237298	0.650145
11.021000	0.000033	0.000063	0.000070	0.040254	0.238560	0.651549
11.041000	0.000035	0.000064	0.000070	0.040933	0.239830	0.652954
11.061000	0.000035	0.000064	0.000070	0.041632	0.241107	0.654359
11.081000	0.000036	0.000064	0.000070	0.042342	0.242391	0.655765
11.101000	0.000036	0.000064	0.000070	0.043059	0.243679	0.657170
11.121000	0.000036	0.000065	0.000070	0.043784	0.244972	0.658576
11.141000	0.000037	0.000065	0.000070	0.044522	0.246273	0.659984
11.161000	0.000038	0.000066	0.000070	0.045274	0.247581	0.661392
11.181000	0.000039	0.000066	0.000070	0.046039	0.248895	0.662800
11.201000	0.000039	0.000066	0.000070	0.046815	0.250220	0.664208
11.221000	0.000040	0.000067	0.000070	0.047600	0.251552	0.665617
11.241000	0.000040	0.000067	0.000070	0.048395	0.252888	0.667026
11.261000	0.000041	0.000068	0.000070	0.049207	0.254238	0.668435
11.281000	0.000041	0.000068	0.000070	0.050030	0.255596	0.669844
11.301000	0.000042	0.000069	0.000071	0.050861	0.256961	0.671255
11.321000	0.000042	0.000069	0.000071	0.051704	0.258338	0.672667
11.341000	0.000043	0.000070	0.000071	0.052560	0.259722	0.674079
11.361000	0.000044	0.000070	0.000071	0.053428	0.261117	0.675491
11.381000	0.000044	0.000070	0.000071	0.054303	0.262520	0.676903
11.401000	0.000045	0.000071	0.000071	0.055190	0.263931	0.678317
11.421000	0.000045	0.000071	0.000071	0.056088	0.265353	0.679731
11.441000	0.000046	0.000072	0.000071	0.057004	0.266785	0.681146
11.461000	0.000047	0.000073	0.000071	0.057937	0.268227	0.682561
11.481000	0.000048	0.000073	0.000071	0.058882	0.269683	0.683976
11.501000	0.000048	0.000073	0.000071	0.059839	0.271150	0.685392
11.521000	0.000049	0.000074	0.000071	0.060808	0.272625	0.686808
11.541000	0.000049	0.000075	0.000071	0.061784	0.274113	0.688224
11.561000	0.000050	0.000075	0.000071	0.062775	0.275613	0.689641
11.581000	0.000051	0.000076	0.000071	0.063781	0.277126	0.691059
11.601000	0.000051	0.000076	0.000071	0.064800	0.278645	0.692478
11.621000	0.000052	0.000076	0.000071	0.065833	0.280171	0.693898
11.641000	0.000053	0.000077	0.000071	0.066878	0.281711	0.695317
11.661000	0.000053	0.000078	0.000071	0.067936	0.283260	0.696737
11.681000	0.000054	0.000078	0.000071	0.069007	0.284822	0.698158
11.701000	0.000055	0.000079	0.000071	0.070098	0.286393	0.699580
11.721000	0.000056	0.000079	0.000071	0.071205	0.287972	0.701002
11.741000	0.000057	0.000080	0.000071	0.072330	0.289566	0.702424
11.761000	0.000057	0.000080	0.000071	0.073468	0.291168	0.703847
11.781000	0.000058	0.000081	0.000071	0.074619	0.292778	0.705270
11.801000	0.000058	0.000081	0.000071	0.075782	0.294401	0.706694
11.821000	0.000060	0.000082	0.000071	0.076959	0.296032	0.708119
11.841000	0.000060	0.000083	0.000071	0.078157	0.297676	0.709545
11.861000	0.000061	0.000083	0.000071	0.079371	0.299333	0.710971
11.881000	0.000061	0.000083	0.000071	0.080594	0.300996	0.712398
11.901000	0.000063	0.000084	0.000071	0.081837	0.302672	0.713824
11.921000	0.000063	0.000085	0.000071	0.083097	0.304360	0.715252
11.941000	0.000064	0.000085	0.000071	0.084368	0.306056	0.716681
11.961000	0.000064	0.000085	0.000071	0.085653	0.307761	0.718110
11.981000	0.000065	0.000086	0.000071	0.086955	0.309475	0.719539
12.010000	0.000067	0.000087	0.000071	0.088866	0.311976	0.721612
12.020000	0.000067	0.000087	0.000072	0.089534	0.312847	0.722328
12.030000	0.000068	0.000087	0.000072	0.090209	0.313721	0.723043
12.040000	0.000068	0.000088	0.000072	0.090891	0.314597	0.723758
12.050000	0.000069	0.000088	0.000072	0.091574	0.315477	0.724474
12.060000	0.000069	0.000088	0.000072	0.092263	0.316359	0.725191
12.070000	0.000069	0.000089	0.000072	0.092955	0.317244	0.725907
12.080000	0.000070	0.000089	0.000072	0.093649	0.318132	0.726624
12.090000	0.000070	0.000089	0.000072	0.094348	0.319023	0.727340
12.100000	0.000071	0.000090	0.000072	0.095052	0.319918	0.728057
12.110000	0.000071	0.000090	0.000072	0.095759	0.320814	0.728774
12.120000	0.000071	0.000090	0.000072	0.096469	0.321716	0.729490
12.130000	0.000072	0.000091	0.000072	0.097185	0.322621	0.730207
12.140000	0.000072	0.000091	0.000072	0.097905	0.323528	0.730924
12.150000	0.000072	0.000091	0.000072	0.098627	0.324437	0.731641
12.160000	0.000073	0.000091	0.000072	0.099354	0.325349	0.732359
12.170000	0.000074	0.000091	0.000072	0.100091	0.326262	0.733077
12.180000	0.000075	0.000092	0.000072	0.100836	0.327178	0.733795
12.190000	0.000075	0.000093	0.000072	0.101584	0.328101	0.734513
12.200000	0.000075	0.000093	0.000072	0.102332	0.329027	0.735232
12.210000	0.000075	0.000093	0.000072	0.103083	0.329956	0.735950
12.220000	0.000076	0.000093	0.000072	0.103839	0.330887	0.736669
12.230000	0.000076	0.000094	0.000072	0.104598	0.331823	0.737387
12.240000	0.000076	0.000094	0.000072	0.105360	0.332762	0.738106
12.250000	0.000077	0.000094	0.000072	0.106125	0.333704	0.738826
12.260000	0.000078	0.000095	0.000072	0.106897	0.334648	0.739546
12.270000	0.000078	0.000095	0.000072	0.107674	0.335595	0.740266
12.280000	0.000079	0.000095	0.000072	0.108456	0.336546	0.740986
12.290000	0.000079	0.000096	0.000072	0.109246	0.337504	0.741706
12.300000	0.000081	0.000096	0.000072	0.110043	0.338464	0.742426
12.310000	0.000081	0.000096	0.000072	0.110851	0.339426	0.743147
12.320000	0.000082	0.000097	0.000072	0.111667	0.340391	0.743867
12.330000	0.000082	0.000097	0.000072	0.112486	0.341363	0.744589
12.340000	0.000082	0.000098	0.000072	0.113309	0.342338	0.745310
12.350000	0.000082	0.000098	0.000072	0.114132	0.343318	0.746032
12.360000	0.000083	0.000098	0.000072	0.114962	0.344300	0.746754
12.370000	0.000084	0.000099	0.000072	0.115796	0.345288	0.747476
12.380000	0.000084	0.000099	0.000072	0.116635	0.346279	0.748198
12.390000	0.000085	0.000100	0.000072	0.117479	0.347276	0.748920
12.400000	0.000085	0.000101	0.000072	0.118329	0.348276	0.749643
12.410000	0.000086	0.000101	0.000072	0.119183	0.349283	0.750366
12.420000	0.000087	0.000101	0.000072	0.120046	0.350294	0.751090
12.430000	0.000087	0.000101	0.000072	0.120916	0.351307	0.751813
12.440000	0.000088	0.000102	0.000072	0.121796	0.352322	0.752537
12.450000	0.000089	0.000102	0.000072	0.122682	0.353340	0.753261
12.460000	0.000089	0.000103	0.000072	0.123570	0.354364	0.753985
12.470000	0.000090	0.000103	0.000073	0.124463	0.355394	0.754710
12.480000	0.000090	0.000104	0.000073	0.125362	0.356431	0.755435
12.490000	0.000090	0.000104	0.000073	0.126263	0.357469	0.756160
12.500000	0.000091	0.000104	0.000073	0.127167	0.358512	0.756886
12.510000	0.000091	0.000105	0.000073	0.128074	0.359559	0.757612
12.520000	0.000092	0.000106	0.000073	0.128989	0.360611	0.758339
12.530000	0.000092	0.000106	0.000073	0.129909	0.361671	0.759066
12.540000	0.000093	0.000107	0.000073	0.130841	0.362738	0.759793
12.550000	0.000094	0.000107	0.000073	0.131776	0.363811	0.760521
12.560000	0.000094	0.000108	0.000073	0.132715	0.364890	0.761250
12.570000	0.000095	0.000109	0.000073	0.133661	0.365978	0.761980
12.580000	0.000096	0.000110	0.000073	0.134614	0.367072	0.762710
12.590000	0.000097	0.000111	0.000073	0.135578	0.368172	0.763442
12.600000	0.000097	0.000112	0.000073	0.136548	0.369285	0.764174
12.610000	0.000097	0.000112	0.000073	0.137521	0.370406	0.764907
12.620000	0.000098	0.000113	0.000074	0.138498	0.371534	0.765641
12.630000	0.000099	0.000113	0.000074	0.139484	0.372667	0.766377
12.640000	0.000099	0.000114	0.000074	0.140473	0.373806	0.767114
12.650000	0.000100	0.000116	0.000074	0.141469	0.374958	0.767851
12.660000	0.000101	0.000116	0.000074	0.142476	0.376117	0.768590
12.670000	0.000101	0.000117	0.000074	0.143487	0.377281	0.769329
12.680000	0.000102	0.000118	0.000074	0.144504	0.378453	0.770069
12.690000	0.000103	0.000118	0.000074	0.145528	0.379633	0.770809
12.700000	0.000103	0.000120	0.000074	0.146556	0.380826	0.771550
12.710000	0.000104	0.000121	0.000074	0.147592	0.382029	0.772292
12.720000	0.000105	0.000121	0.000074	0.148637	0.383237	0.773034
12.730000	0.000106	0.000122	0.000074	0.149690	0.384455	0.773778
12.740000	0.000107	0.000123	0.000074	0.150753	0.385682	0.774522
12.750000	0.000107	0.000124	0.000074	0.151821	0.386918	0.775266
12.760000	0.000108	0.000125	0.000075	0.152898	0.388162	0.776011
12.770000	0.000109	0.000125	0.000075	0.153984	0.389412	0.776756
12.780000	0.000111	0.000126	0.000075	0.155082	0.390669	0.777503
12.790000	0.000111	0.000127	0.000075	0.156188	0.391936	0.778250
12.800000	0.000111	0.000128	0.000075	0.157297	0.393210	0.778998
12.810000	0.000112	0.000129	0.000075	0.158412	0.394494	0.779745
12.820000	0.000113	0.000130	0.000075	0.159537	0.395786	0.780493
12.830000	0.000113	0.000130	0.000075	0.160666	0.397084	0.781242
12.840000	0.000114	0.000131	0.000075	0.161803	0.398389	0.781991
12.850000	0.000115	0.000132	0.000075	0.162948	0.399704	0.782741
12.860000	0.000116	0.000132	0.000075	0.164099	0.401025	0.783492
12.870000	0.000117	0.000133	0.000075	0.165266	0.402350	0.784243
12.880000	0.000118	0.000134	0.000075	0.166444	0.403685	0.784994
12.890000	0.000119	0.000135	0.000075	0.167633	0.405029	0.785745
12.900000	0.000121	0.000136	0.000075	0.168836	0.406380	0.786497
12.910000	0.000122	0.000136	0.000075	0.170049	0.407742	0.787248
12.920000	0.000122	0.000137	0.000075	0.171266	0.409108	0.788000
12.930000	0.000122	0.000137	0.000075	0.172487	0.410480	0.788753
12.940000	0.000123	0.000139	0.000075	0.173713	0.411863	0.789507
12.950000	0.000123	0.000139	0.000075	0.174944	0.413255	0.790260
12.960000	0.000124	0.000140	0.000075	0.176183	0.414650	0.791014
12.970000	0.000125	0.000140	0.000075	0.177432	0.416049	0.791768
12.980000	0.000126	0.000141	0.000075	0.178691	0.417457	0.792523
12.990000	0.000127	0.000142	0.000075	0.179960	0.418871	0.793278
13.000000	0.000128	0.000142	0.000075	0.181240	0.420290	0.794032
13.010000	0.000129	0.000143	0.000076	0.182530	0.421714	0.794788
13.020000	0.000131	0.000144	0.000076	0.183835	0.423151	0.795543
13.030000	0.000132	0.000144	0.000076	0.185148	0.424593	0.796298
13.040000	0.000132	0.000145	0.000076	0.186466	0.426038	0.797055
13.050000	0.000133	0.000145	0.000076	0.187794	0.427487	0.797812
13.060000	0.000133	0.000147	0.000076	0.189129	0.428950	0.798569
13.070000	0.000134	0.000147	0.000076	0.190466	0.430420	0.799326
13.080000	0.000135	0.000148	0.000076	0.191811	0.431893	0.800084
13.090000	0.000136	0.000148	0.000076	0.193169	0.433371	0.800842
13.100000	0.000138	0.000149	0.000076	0.194536	0.434857	0.801600
13.110000	0.000139	0.000150	0.000076	0.195918	0.436350	0.802359
13.120000	0.000140	0.000150	0.000076	0.197310	0.437848	0.803118
13.130000	0.000141	0.000151	0.000076	0.198716	0.439351	0.803877
13.140000	0.000142	0.000152	0.000076	0.200130	0.440861	0.804636
13.150000	0.000143	0.000152	0.000076	0.201551	0.442379	0.805395
13.160000	0.000144	0.000152	0.000076	0.202985	0.443901	0.806155
13.170000	0.000144	0.000153	0.000076	0.204426	0.445427	0.806915
13.180000	0.000146	0.000153	0.000076	0.205875	0.446958	0.807676
13.190000	0.000146	0.000155	0.000076	0.207335	0.448500	0.808437
13.200000	0.000147	0.000155	0.000076	0.208799	0.450048	0.809197
13.210000	0.000147	0.000155	0.000076	0.210271	0.451602	0.809959
13.220000	0.000149	0.000156	0.000076	0.211755	0.453160	0.810720
13.230000	0.000150	0.000157	0.000076	0.213246	0.454726	0.811482
13.240000	0.000150	0.000158	0.000076	0.214745	0.456302	0.812245
13.250000	0.000151	0.000158	0.000076	0.216254	0.457883	0.813007
13.260000	0.000152	0.000159	0.000076	0.217773	0.459468	0.813770
13.270000	0.000153	0.000159	0.000076	0.219301	0.461060	0.814533
13.280000	0.000154	0.000160	0.000076	0.220840	0.462659	0.815296
13.290000	0.000155	0.000161	0.000076	0.222387	0.464266	0.816059
13.300000	0.000158	0.000161	0.000076	0.223952	0.465876	0.816822
13.310000	0.000159	0.000162	0.000076	0.225533	0.467490	0.817586
13.320000	0.000160	0.000163	0.000076	0.227124	0.469110	0.818351
13.330000	0.000160	0.000163	0.000076	0.228725	0.470739	0.819115
13.340000	0.000161	0.000164	0.000076	0.230331	0.472375	0.819880
13.350000	0.000162	0.000164	0.000076	0.231944	0.474015	0.820645
13.360000	0.000164	0.000165	0.000077	0.233573	0.475660	0.821410
13.370000	0.000165	0.000165	0.000077	0.235214	0.477308	0.822175
13.380000	0.000165	0.000166	0.000077	0.236864	0.478960	0.822941
13.390000	0.000166	0.000167	0.000077	0.238522	0.480623	0.823707
13.400000	0.000167	0.000167	0.000077	0.240187	0.482289	0.824473
13.410000	0.000168	0.000167	0.000077	0.241858	0.483960	0.825239
13.420000	0.000169	0.000168	0.000077	0.243546	0.485635	0.826005
13.430000	0.000170	0.000169	0.000077	0.245246	0.487318	0.826772
13.440000	0.000171	0.000170	0.000077	0.246953	0.489010	0.827539
13.450000	0.000173	0.000170	0.000077	0.248674	0.490707	0.828306
13.460000	0.000173	0.000170	0.000077	0.250406	0.492409	0.829073
13.470000	0.000174	0.000171	0.000077	0.252144	0.494114	0.829840
13.480000	0.000176	0.000171	0.000077	0.253892	0.495822	0.830607
13.490000	0.000176	0.000172	0.000077	0.255650	0.497536	0.831375
13.500000	0.000177	0.000172	0.000077	0.257415	0.499257	0.832143
13.510000	0.000178	0.000173	0.000077	0.259189	0.500985	0.832912
13.520000	0.000179	0.000173	0.000077	0.260976	0.502718	0.833680
13.530000	0.000180	0.000174	0.000077	0.262773	0.504453	0.834449
13.540000	0.000181	0.000174	0.000077	0.264581	0.506192	0.835218
13.550000	0.000182	0.000175	0.000077	0.266399	0.507937	0.835987
13.560000	0.000183	0.000176	0.000077	0.268227	0.509689	0.836756
13.570000	0.000185	0.000176	0.000077	0.270066	0.511448	0.837525
13.580000	0.000187	0.000176	0.000077	0.271925	0.513209	0.838295
13.590000	0.000188	0.000177	0.000077	0.273800	0.514974	0.839065
13.600000	0.000190	0.000177	0.000077	0.275689	0.516741	0.839835
13.610000	0.000190	0.000177	0.000077	0.277589	0.518514	0.840605
13.620000	0.000191	0.000178	0.000077	0.279497	0.520295	0.841376
13.630000	0.000193	0.000179	0.000077	0.281416	0.522084	0.842147
13.640000	0.000193	0.000179	0.000077	0.283346	0.523877	0.842917
13.650000	0.000194	0.000180	0.000077	0.285286	0.525673	0.843688
13.660000	0.000196	0.000180	0.000077	0.287237	0.527473	0.844459
13.670000	0.000197	0.000180	0.000077	0.289201	0.529276	0.845231
13.680000	0.000198	0.000181	0.000077	0.291175	0.531082	0.846003
13.690000	0.000199	0.000182	0.000077	0.293156	0.532899	0.846775
13.700000	0.000200	0.000182	0.000077	0.295148	0.534720	0.847547
13.710000	0.000201	0.000183	0.000077	0.297152	0.536545	0.848319
13.720000	0.000202	0.000183	0.000077	0.299167	0.538375	0.849092
13.730000	0.000204	0.000183	0.000077	0.301198	0.540207	0.849864
13.740000	0.000205	0.000184	0.000077	0.303247	0.542043	0.850637
13.750000	0.000207	0.000184	0.000077	0.305306	0.543883	0.851410
13.760000	0.000207	0.000185	0.000077	0.307375	0.545727	0.852184
13.770000	0.000209	0.000186	0.000077	0.309458	0.547577	0.852958
13.780000	0.000209	0.000186	0.000077	0.311547	0.549434	0.853732
13.790000	0.000210	0.000186	0.000077	0.313642	0.551296	0.854506
13.800000	0.000211	0.000186	0.000077	0.315746	0.553160	0.855280
13.810000	0.000212	0.000187	0.000077	0.317863	0.555027	0.856054
13.820000	0.000213	0.000187	0.000077	0.319992	0.556897	0.856829
13.830000	0.000215	0.000188	0.000077	0.322132	0.558772	0.857604
13.840000	0.000216	0.000189	0.000077	0.324285	0.560658	0.858378
13.850000	0.000216	0.000189	0.000078	0.326445	0.562547	0.859154
13.860000	0.000217	0.000190	0.000078	0.328613	0.564442	0.859929
13.870000	0.000218	0.000190	0.000078	0.330790	0.566341	0.860705
13.880000	0.000220	0.000190	0.000078	0.332986	0.568244	0.861481
13.890000	0.000221	0.000191	0.000078	0.335195	0.570151	0.862257
13.900000	0.000222	0.000192	0.000078	0.337412	0.572064	0.863033
13.910000	0.000223	0.000192	0.000078	0.339640	0.573986	0.863810
13.920000	0.000225	0.000193	0.000078	0.341882	0.575912	0.864586
13.930000	0.000226	0.000193	0.000078	0.344134	0.577840	0.865363
13.940000	0.000227	0.000193	0.000078	0.346396	0.579772	0.866140
13.950000	0.000228	0.000194	0.000078	0.348670	0.581707	0.866917
13.960000	0.000229	0.000194	0.000078	0.350958	0.583647	0.867695
13.970000	0.000230	0.000194	0.000078	0.353253	0.585589	0.868473
13.980000	0.000232	0.000195	0.000078	0.355561	0.587538	0.869251
13.990000	0.000233	0.000196	0.000078	0.357886	0.589495	0.870029
14.000000	0.000234	0.000196	0.000078	0.360224	0.591458	0.870807
14.010000	0.000235	0.000197	0.000078	0.362570	0.593425	0.871586
14.020000	0.000236	0.000197	0.000078	0.364934	0.595393	0.872364
14.030000	0.000237	0.000197	0.000078	0.367304	0.597365	0.873143
14.040000	0.000238	0.000198	0.000078	0.369684	0.599340	0.873922
14.050000	0.000239	0.000198	0.000078	0.372070	0.601319	0.874701
14.060000	0.000241	0.000199	0.000078	0.374468	0.603304	0.875480
14.070000	0.000242	0.000200	0.000078	0.376882	0.605296	0.876260
14.080000	0.000243	0.000200	0.000078	0.379310	0.607294	0.877040
14.090000	0.000244	0.000200	0.000078	0.381749	0.609296	0.877820
14.100000	0.000246	0.000201	0.000078	0.384200	0.611302	0.878600
14.110000	0.000247	0.000201	0.000078	0.386662	0.613312	0.879380
14.120000	0.000247	0.000202	0.000078	0.389132	0.615325	0.880160
14.130000	0.000248	0.000203	0.000078	0.391612	0.617348	0.880941
14.140000	0.000250	0.000203	0.000078	0.394106	0.619379	0.881721
14.150000	0.000251	0.000204	0.000078	0.396616	0.621414	0.882502
14.160000	0.000252	0.000204	0.000078	0.399136	0.623453	0.883283
14.170000	0.000254	0.000204	0.000078	0.401666	0.625496	0.884064
14.180000	0.000255	0.000205	0.000078	0.404216	0.627542	0.884846
14.190000	0.000257	0.000205	0.000078	0.406776	0.629591	0.885628
14.200000	0.000257	0.000206	0.000078	0.409347	0.631648	0.886410
14.210000	0.000258	0.000207	0.000078	0.411925	0.633716	0.887192
14.220000	0.000260	0.000208	0.000078	0.414517	0.635789	0.887974
14.230000	0.000260	0.000208	0.000078	0.417117	0.637867	0.888757
14.240000	0.000261	0.000208	0.000078	0.419725	0.639947	0.889539
14.250000	0.000262	0.000209	0.000078	0.422342	0.642032	0.890322
14.260000	0.000264	0.000209	0.000078	0.424973	0.644121	0.891104
14.270000	0.000266	0.000210	0.000078	0.427628	0.646216	0.891888
14.280000	0.000267	0.000211	0.000078	0.430294	0.648319	0.892671
14.290000	0.000269	0.000211	0.000078	0.432977	0.650429	0.893455
14.300000	0.000271	0.000212	0.000078	0.435674	0.652542	0.894238
14.310000	0.000272	0.000212	0.000078	0.438386	0.654659	0.895022
14.320000	0.000275	0.000213	0.000078	0.441121	0.656782	0.895806
14.330000	0.000277	0.000213	0.000078	0.443879	0.658910	0.896591
14.340000	0.000278	0.000214	0.000078	0.446652	0.661043	0.897375
14.350000	0.000280	0.000214	0.000078	0.449439	0.663183	0.898159
14.360000	0.000280	0.000215	0.000078	0.452241	0.665329	0.898944
14.370000	0.000281	0.000215	0.000078	0.455050	0.667479	0.899729
14.380000	0.000283	0.000216	0.000079	0.457871	0.669634	0.900514
14.390000	0.000284	0.000216	0.000079	0.460701	0.671794	0.901299
14.400000	0.000285	0.000217	0.000079	0.463550	0.673958	0.902085
14.410000	0.000287	0.000218	0.000079	0.466412	0.676134	0.902871
14.420000	0.000288	0.000219	0.000079	0.469284	0.678317	0.903657
14.430000	0.000290	0.000219	0.000079	0.472173	0.680506	0.904443
14.440000	0.000291	0.000220	0.000079	0.475074	0.682699	0.905230
14.450000	0.000292	0.000220	0.000079	0.477989	0.684896	0.906016
14.460000	0.000293	0.000220	0.000079	0.480917	0.687097	0.906802
14.470000	0.000295	0.000221	0.000079	0.483860	0.689302	0.907589
14.480000	0.000297	0.000222	0.000079	0.486824	0.691513	0.908376
14.490000	0.000299	0.000223	0.000079	0.489805	0.693737	0.909163
14.500000	0.000301	0.000223	0.000079	0.492804	0.695968	0.909950
14.510000	0.000302	0.000224	0.000079	0.495821	0.698205	0.910738
14.520000	0.000304	0.000225	0.000079	0.498853	0.700448	0.911526
14.530000	0.000305	0.000225	0.000079	0.501899	0.702696	0.912314
14.540000	0.000307	0.000225	0.000079	0.504960	0.704948	0.913101
14.550000	0.000308	0.000226	0.000079	0.508036	0.707208	0.913890
14.560000	0.000310	0.000227	0.000079	0.511123	0.709475	0.914678
14.570000	0.000310	0.000228	0.000079	0.514222	0.711748	0.915466
14.580000	0.000312	0.000228	0.000079	0.517332	0.714027	0.916254
14.590000	0.000313	0.000229	0.000079	0.520458	0.716310	0.917043
14.600000	0.000315	0.000229	0.000079	0.523606	0.718599	0.917833
14.610000	0.000318	0.000230	0.000079	0.526772	0.720896	0.918622
14.620000	0.000320	0.000231	0.000079	0.529963	0.723203	0.919412
14.630000	0.000321	0.000232	0.000079	0.533168	0.725519	0.920202
14.640000	0.000323	0.000232	0.000079	0.536391	0.727840	0.920992
14.650000	0.000326	0.000233	0.000079	0.539635	0.730166	0.921782
14.660000	0.000328	0.000233	0.000079	0.542908	0.732495	0.922572
14.670000	0.000331	0.000234	0.000079	0.546204	0.734830	0.923363
14.680000	0.000332	0.000235	0.000079	0.549522	0.737176	0.924153
14.690000	0.000334	0.000235	0.000079	0.552854	0.739529	0.924944
14.700000	0.000335	0.000236	0.000079	0.556198	0.741889	0.925735
14.710000	0.000338	0.000237	0.000079	0.559561	0.744255	0.926527
14.720000	0.000338	0.000237	0.000079	0.562943	0.746628	0.927318
14.730000	0.000340	0.000238	0.000079	0.566336	0.749005	0.928110
14.740000	0.000343	0.000239	0.000079	0.569749	0.751393	0.928902
14.750000	0.000344	0.000240	0.000079	0.573187	0.753792	0.929694
14.760000	0.000346	0.000240	0.000079	0.576642	0.756194	0.930486
14.770000	0.000348	0.000241	0.000079	0.580113	0.758602	0.931278
14.780000	0.000349	0.000242	0.000079	0.583603	0.761015	0.932071
14.790000	0.000352	0.000242	0.000079	0.587112	0.763434	0.932864
14.800000	0.000353	0.000243	0.000079	0.590637	0.765866	0.933658
14.810000	0.000356	0.000244	0.000079	0.594184	0.768306	0.934451
14.820000	0.000359	0.000245	0.000079	0.597761	0.770753	0.935245
14.830000	0.000361	0.000245	0.000079	0.601359	0.773204	0.936039
14.840000	0.000363	0.000246	0.000079	0.604983	0.775660	0.936833
14.850000	0.000365	0.000247	0.000079	0.608626	0.778121	0.937627
14.860000	0.000366	0.000248	0.000079	0.612280	0.780596	0.938421
14.870000	0.000367	0.000249	0.000079	0.615948	0.783081	0.939216
14.880000	0.000371	0.000249	0.000080	0.619641	0.785572	0.940010
14.890000	0.000372	0.000250	0.000080	0.623358	0.788067	0.940806
14.900000	0.000375	0.000250	0.000080	0.627099	0.790568	0.941601
14.910000	0.000377	0.000251	0.000080	0.630864	0.793076	0.942397
14.920000	0.000380	0.000253	0.000080	0.634650	0.795596	0.943193
14.930000	0.000380	0.000253	0.000080	0.638451	0.798127	0.943989
14.940000	0.000383	0.000254	0.000080	0.642272	0.800662	0.944785
14.950000	0.000386	0.000254	0.000080	0.646116	0.803204	0.945581
14.960000	0.000388	0.000255	0.000080	0.649986	0.805751	0.946377
14.970000	0.000392	0.000255	0.000080	0.653887	0.808303	0.947174
14.980000	0.000394	0.000257	0.000080	0.657817	0.810864	0.947971
14.990000	0.000396	0.000257	0.000080	0.661768	0.813436	0.948769
15.000000	0.000400	0.000258	0.000080	0.665747	0.816015	0.949567
15.010000	0.000401	0.000259	0.000080	0.669755	0.818600	0.950365
15.020000	0.000404	0.000260	0.000080	0.673784	0.821193	0.951163
15.030000	0.000408	0.000260	0.000080	0.677852	0.823793	0.951961
15.040000	0.000410	0.000261	0.000080	0.681940	0.826403	0.952759
15.050000	0.000413	0.000262	0.000080	0.686056	0.829022	0.953557
15.060000	0.000415	0.000263	0.000080	0.690198	0.831647	0.954356
15.070000	0.000417	0.000263	0.000080	0.694360	0.834280	0.955156
15.080000	0.000419	0.000264	0.000080	0.698540	0.836920	0.955955
15.090000	0.000422	0.000265	0.000080	0.702749	0.839569	0.956755
15.100000	0.000426	0.000267	0.000080	0.706989	0.842231	0.957555
15.110000	0.000430	0.000268	0.000080	0.711273	0.844904	0.958355
15.120000	0.000432	0.000269	0.000080	0.715586	0.847586	0.959155
15.130000	0.000434	0.000269	0.000080	0.719917	0.850275	0.959956
15.140000	0.000437	0.000270	0.000080	0.724270	0.852973	0.960757
15.150000	0.000440	0.000271	0.000080	0.728666	0.855685	0.961558
15.160000	0.000445	0.000272	0.000080	0.733095	0.858405	0.962360
15.170000	0.000448	0.000273	0.000080	0.737562	0.861132	0.963162
15.180000	0.000450	0.000274	0.000080	0.742047	0.863868	0.963964
15.190000	0.000453	0.000274	0.000080	0.746559	0.866612	0.964766
15.200000	0.000455	0.000276	0.000080	0.751101	0.869366	0.965568
15.210000	0.000458	0.000278	0.000080	0.755673	0.872138	0.966371
15.220000	0.000464	0.000278	0.000080	0.760285	0.874919	0.967174
15.230000	0.000470	0.000279	0.000080	0.764954	0.877705	0.967978
15.240000	0.000474	0.000280	0.000080	0.769679	0.880499	0.968781
15.250000	0.000477	0.000281	0.000080	0.774436	0.883303	0.969585
15.260000	0.000483	0.000283	0.000080	0.779239	0.886121	0.970389
15.270000	0.000487	0.000284	0.000080	0.784091	0.888955	0.971193
15.280000	0.000491	0.000284	0.000081	0.788987	0.891796	0.971998
15.290000	0.000493	0.000285	0.000081	0.793909	0.894645	0.972803
15.300000	0.000498	0.000288	0.000081	0.798865	0.897512	0.973609
15.310000	0.000503	0.000288	0.000081	0.803872	0.900390	0.974415
15.320000	0.000510	0.000289	0.000081	0.808938	0.903277	0.975221
15.330000	0.000514	0.000290	0.000081	0.814058	0.906173	0.976027
15.340000	0.000519	0.000292	0.000081	0.819222	0.909083	0.976833
15.350000	0.000523	0.000294	0.000081	0.824436	0.912014	0.977640
15.360000	0.000528	0.000294	0.000081	0.829695	0.914953	0.978447
15.370000	0.000531	0.000295	0.000081	0.835001	0.917902	0.979255
15.380000	0.000538	0.000297	0.000081	0.840362	0.920864	0.980062
15.390000	0.000541	0.000299	0.000081	0.845761	0.923845	0.980870
15.400000	0.000543	0.000300	0.000081	0.851184	0.926840	0.981678
15.410000	0.000553	0.000302	0.000081	0.856666	0.929848	0.982487
15.420000	0.000561	0.000304	0.000081	0.862256	0.932877	0.983296
15.430000	0.000564	0.000304	0.000081	0.867881	0.935916	0.984106
15.440000	0.000574	0.000305	0.000081	0.873575	0.938965	0.984916
15.450000	0.000581	0.000308	0.000081	0.879361	0.942031	0.985726
15.460000	0.000587	0.000310	0.000081	0.885198	0.945124	0.986536
15.470000	0.000592	0.000311	0.000081	0.891099	0.948229	0.987347
15.480000	0.000602	0.000311	0.000081	0.897062	0.951341	0.988159
15.490000	0.000611	0.000314	0.000081	0.903128	0.954469	0.988971
15.500000	0.000617	0.000316	0.000081	0.909277	0.957620	0.989783
15.510000	0.000631	0.000318	0.000081	0.915528	0.960793	0.990596
15.520000	0.000640	0.000321	0.000081	0.921899	0.963985	0.991410
15.530000	0.000651	0.000322	0.000081	0.928342	0.967202	0.992224
15.540000	0.000662	0.000327	0.000082	0.934916	0.970449	0.993038
15.550000	0.000678	0.000329	0.000082	0.941622	0.973733	0.993854
15.560000	0.000702	0.000334	0.000082	0.948527	0.977053	0.994670
15.570000	0.000714	0.000339	0.000082	0.955596	0.980414	0.995486
15.580000	0.000732	0.000344	0.000082	0.962868	0.983821	0.996304
15.590000	0.000763	0.000347	0.000082	0.970379	0.987284	0.997122
15.600000	0.000788	0.000354	0.000082	0.978155	0.990795	0.997942
15.610000	0.000846	0.000363	0.000082	0.986286	0.994378	0.998763
15.620000	0.000931	0.000376	0.000083	0.995105	0.998077	0.999586
15.625000	0.001036	0.000393	0.000083	1.000000	1.000000	1.000000
