0.000000	1.000000	1.000000	1.000000
0.010000	0.999500	0.999950	0.999995
0.020000	0.998002	0.999800	0.999980
0.030000	0.995510	0.999550	0.999955
0.040000	0.992032	0.999200	0.999920
0.050000	0.987578	0.998751	0.999875
0.060000	0.982161	0.998202	0.999820
0.070000	0.975798	0.997553	0.999755
0.080000	0.968507	0.996805	0.999680
0.090000	0.960309	0.995958	0.999595
0.100000	0.951229	0.995012	0.999500
0.110000	0.941294	0.993968	0.999395
0.120000	0.930531	0.992826	0.999280
0.130000	0.918972	0.991586	0.999155
0.140000	0.906649	0.990248	0.999020
0.150000	0.893597	0.988813	0.998876
0.160000	0.879853	0.987282	0.998721
0.170000	0.865455	0.985654	0.998556
0.180000	0.850441	0.983931	0.998381
0.190000	0.834853	0.982112	0.998197
0.200000	0.818731	0.980199	0.998002
0.210000	0.802118	0.978191	0.997797
0.220000	0.785056	0.976090	0.997583
0.230000	0.767590	0.973897	0.997358
0.240000	0.749762	0.971611	0.997124
0.250000	0.731616	0.969233	0.996880
0.260000	0.713195	0.966765	0.996626
0.270000	0.694544	0.964206	0.996362
0.280000	0.675704	0.961558	0.996088
0.290000	0.656718	0.958822	0.995804
0.300000	0.637628	0.955997	0.995510
0.310000	0.618474	0.953086	0.995207
0.320000	0.599296	0.950089	0.994893
0.330000	0.580132	0.947006	0.994570
0.340000	0.561019	0.943839	0.994237
0.350000	0.541994	0.940588	0.993894
0.360000	0.523091	0.937255	0.993541
0.370000	0.504342	0.933840	0.993178
0.380000	0.485780	0.930345	0.992806
0.390000	0.467433	0.926770	0.992424
0.400000	0.449329	0.923116	0.992032
0.410000	0.431495	0.919385	0.991630
0.420000	0.413954	0.915578	0.991219
0.430000	0.396730	0.911695	0.990798
0.440000	0.379842	0.907738	0.990367
0.450000	0.363310	0.903707	0.989926
0.460000	0.347149	0.899605	0.989476
0.470000	0.331377	0.895431	0.989016
0.480000	0.316004	0.891188	0.988546
0.490000	0.301044	0.886876	0.988067
0.500000	0.286505	0.882497	0.987578
0.510000	0.272396	0.878052	0.987079
0.520000	0.258722	0.873541	0.986571
0.530000	0.245490	0.868967	0.986053
0.540000	0.232701	0.864331	0.985526
0.550000	0.220358	0.859633	0.984989
0.560000	0.208462	0.854875	0.984442
0.570000	0.197010	0.850059	0.983886
0.580000	0.186002	0.845185	0.983321
0.590000	0.175433	0.840255	0.982746
0.600000	0.165299	0.835270	0.982161
0.610000	0.155595	0.830232	0.981567
0.620000	0.146314	0.825142	0.980964
0.630000	0.137449	0.820001	0.980351
0.640000	0.128993	0.814810	0.979728
0.650000	0.120935	0.809572	0.979097
0.660000	0.113268	0.804286	0.978455
0.670000	0.105981	0.798956	0.977805
0.680000	0.099063	0.793581	0.977145
0.690000	0.092504	0.788163	0.976476
0.700000	0.086294	0.782705	0.975798
0.710000	0.080419	0.777206	0.975110
0.720000	0.074870	0.771669	0.974413
0.730000	0.069634	0.766094	0.973707
0.740000	0.064700	0.760484	0.972991
0.750000	0.060055	0.754840	0.972267
0.760000	0.055687	0.749162	0.971533
0.770000	0.051586	0.743453	0.970790
0.780000	0.047739	0.737713	0.970038
0.790000	0.044135	0.731945	0.969277
0.800000	0.040762	0.726149	0.968507
0.810000	0.037609	0.720327	0.967727
0.820000	0.034666	0.714480	0.966939
0.830000	0.031921	0.708610	0.966141
0.840000	0.029364	0.702718	0.965335
0.850000	0.026984	0.696805	0.964520
0.860000	0.024773	0.690872	0.963695
0.870000	0.022720	0.684922	0.962862
0.880000	0.020817	0.678955	0.962020
0.890000	0.019054	0.672973	0.961169
0.900000	0.017422	0.666977	0.960309
0.910000	0.015915	0.660968	0.959440
0.920000	0.014523	0.654948	0.958563
0.930000	0.013240	0.648917	0.957677
0.940000	0.012058	0.642878	0.956782
0.950000	0.010971	0.636832	0.955878
0.960000	0.009972	0.630779	0.954966
0.970000	0.009054	0.624721	0.954044
0.980000	0.008213	0.618660	0.953115
0.990000	0.007443	0.612596	0.952176
1.000000	0.006738	0.606531	0.951229
1.050000	0.004036	0.576229	0.946367
1.100000	0.002358	0.546074	0.941294
1.150000	0.001343	0.516206	0.936014
1.200000	0.000747	0.486752	0.930531
1.250000	0.000405	0.457833	0.924849
1.300000	0.000214	0.429557	0.918972
1.350000	0.000110	0.402021	0.912904
1.400000	0.000055	0.375311	0.906649
1.450000	0.000027	0.349501	0.900212
1.500000	0.000013	0.324652	0.893597
1.550000	0.000006	0.300818	0.886810
1.600000	0.000003	0.278037	0.879853
1.650000	0.000001	0.256340	0.872734
1.700000	0.000001	0.235746	0.865455
1.750000	0.000000	0.216265	0.858022
1.800000	0.000000	0.197899	0.850441
1.850000	0.000000	0.180640	0.842716
1.900000	0.000000	0.164474	0.834853
1.950000	0.000000	0.149382	0.826856
2.000000	0.000000	0.135335	0.818731
2.050000	0.000000	0.122303	0.810483
2.100000	0.000000	0.110251	0.802118
2.150000	0.000000	0.099137	0.793640
2.200000	0.000000	0.088922	0.785056
2.250000	0.000000	0.079560	0.776371
2.300000	0.000000	0.071005	0.767590
2.350000	0.000000	0.063213	0.758718
2.400000	0.000000	0.056135	0.749762
2.450000	0.000000	0.049725	0.740726
2.500000	0.000000	0.043937	0.731616
2.550000	0.000000	0.038726	0.722437
2.600000	0.000000	0.034047	0.713195
2.650000	0.000000	0.029860	0.703896
2.700000	0.000000	0.026121	0.694544
2.750000	0.000000	0.022794	0.685145
2.800000	0.000000	0.019841	0.675704
2.850000	0.000000	0.017227	0.666227
2.900000	0.000000	0.014921	0.656718
2.950000	0.000000	0.012891	0.647184
3.000000	0.000000	0.011109	0.637628
3.050000	0.000000	0.009550	0.628057
3.100000	0.000000	0.008189	0.618474
3.150000	0.000000	0.007004	0.608886
3.200000	0.000000	0.005976	0.599296
3.250000	0.000000	0.005086	0.589710
3.300000	0.000000	0.004318	0.580132
3.350000	0.000000	0.003656	0.570567
3.400000	0.000000	0.003089	0.561019
3.450000	0.000000	0.002603	0.551494
3.500000	0.000000	0.002187	0.541994
3.550000	0.000000	0.001834	0.532525
3.600000	0.000000	0.001534	0.523091
3.650000	0.000000	0.001280	0.513695
3.700000	0.000000	0.001065	0.504342
3.750000	0.000000	0.000884	0.495036
3.800000	0.000000	0.000732	0.485780
3.850000	0.000000	0.000604	0.476577
3.900000	0.000000	0.000498	0.467433
3.950000	0.000000	0.000409	0.458349
4.000000	0.000000	0.000335	0.449329
4.050000	0.000000	0.000274	0.440377
4.100000	0.000000	0.000224	0.431495
4.150000	0.000000	0.000182	0.422686
4.200000	0.000000	0.000148	0.413954
4.250000	0.000000	0.000120	0.405301
4.300000	0.000000	0.000097	0.396730
4.350000	0.000000	0.000078	0.388243
4.400000	0.000000	0.000063	0.379842
4.450000	0.000000	0.000050	0.371530
4.500000	0.000000	0.000040	0.363310
4.550000	0.000000	0.000032	0.355182
4.600000	0.000000	0.000025	0.347149
4.650000	0.000000	0.000020	0.339214
4.700000	0.000000	0.000016	0.331377
4.750000	0.000000	0.000013	0.323640
4.800000	0.000000	0.000010	0.316004
4.850000	0.000000	0.000008	0.308472
4.900000	0.000000	0.000006	0.301044
4.950000	0.000000	0.000005	0.293721
5.000000	0.000000	0.000004	0.286505
5.050000	0.000000	0.000003	0.279396
5.100000	0.000000	0.000002	0.272396
5.150000	0.000000	0.000002	0.265504
5.200000	0.000000	0.000001	0.258722
5.250000	0.000000	0.000001	0.252051
5.300000	0.000000	0.000001	0.245490
5.350000	0.000000	0.000001	0.239040
5.400000	0.000000	0.000000	0.232701
5.450000	0.000000	0.000000	0.226474
5.500000	0.000000	0.000000	0.220358
5.550000	0.000000	0.000000	0.214354
5.600000	0.000000	0.000000	0.208462
5.650000	0.000000	0.000000	0.202680
5.700000	0.000000	0.000000	0.197010
5.750000	0.000000	0.000000	0.191451
5.800000	0.000000	0.000000	0.186002
5.850000	0.000000	0.000000	0.180662
5.900000	0.000000	0.000000	0.175433
5.950000	0.000000	0.000000	0.170312
6.000000	0.000000	0.000000	0.165299
6.050000	0.000000	0.000000	0.160394
6.100000	0.000000	0.000000	0.155595
6.150000	0.000000	0.000000	0.150902
6.200000	0.000000	0.000000	0.146314
6.250000	0.000000	0.000000	0.141830
6.300000	0.000000	0.000000	0.137449
6.350000	0.000000	0.000000	0.133171
6.400000	0.000000	0.000000	0.128993
6.450000	0.000000	0.000000	0.124915
6.500000	0.000000	0.000000	0.120935
6.550000	0.000000	0.000000	0.117053
6.600000	0.000000	0.000000	0.113268
6.650000	0.000000	0.000000	0.109577
6.700000	0.000000	0.000000	0.105981
6.750000	0.000000	0.000000	0.102476
6.800000	0.000000	0.000000	0.099063
6.850000	0.000000	0.000000	0.095739
6.900000	0.000000	0.000000	0.092504
6.950000	0.000000	0.000000	0.089356
7.000000	0.000000	0.000000	0.086294
7.050000	0.000000	0.000000	0.083315
7.100000	0.000000	0.000000	0.080419
7.150000	0.000000	0.000000	0.077605
7.200000	0.000000	0.000000	0.074870
7.250000	0.000000	0.000000	0.072214
7.300000	0.000000	0.000000	0.069634
7.350000	0.000000	0.000000	0.067130
7.400000	0.000000	0.000000	0.064700
7.450000	0.000000	0.000000	0.062342
7.500000	0.000000	0.000000	0.060055
7.550000	0.000000	0.000000	0.057837
7.600000	0.000000	0.000000	0.055687
7.650000	0.000000	0.000000	0.053604
7.700000	0.000000	0.000000	0.051586
7.750000	0.000000	0.000000	0.049632
7.800000	0.000000	0.000000	0.047739
7.850000	0.000000	0.000000	0.045908
7.900000	0.000000	0.000000	0.044135
7.950000	0.000000	0.000000	0.042420
8.000000	0.000000	0.000000	0.040762
8.050000	0.000000	0.000000	0.039159
8.100000	0.000000	0.000000	0.037609
8.150000	0.000000	0.000000	0.036112
8.200000	0.000000	0.000000	0.034666
8.250000	0.000000	0.000000	0.033269
8.300000	0.000000	0.000000	0.031921
8.350000	0.000000	0.000000	0.030619
8.400000	0.000000	0.000000	0.029364
8.450000	0.000000	0.000000	0.028152
8.500000	0.000000	0.000000	0.026984
8.550000	0.000000	0.000000	0.025858
8.600000	0.000000	0.000000	0.024773
8.650000	0.000000	0.000000	0.023727
8.700000	0.000000	0.000000	0.022720
8.750000	0.000000	0.000000	0.021750
8.800000	0.000000	0.000000	0.020817
8.850000	0.000000	0.000000	0.019918
8.900000	0.000000	0.000000	0.019054
8.950000	0.000000	0.000000	0.018222
9.000000	0.000000	0.000000	0.017422
9.050000	0.000000	0.000000	0.016654
9.100000	0.000000	0.000000	0.015915
9.150000	0.000000	0.000000	0.015205
9.200000	0.000000	0.000000	0.014523
9.250000	0.000000	0.000000	0.013869
9.300000	0.000000	0.000000	0.013240
9.350000	0.000000	0.000000	0.012637
9.400000	0.000000	0.000000	0.012058
9.450000	0.000000	0.000000	0.011503
9.500000	0.000000	0.000000	0.010971
9.550000	0.000000	0.000000	0.010461
9.600000	0.000000	0.000000	0.009972
9.650000	0.000000	0.000000	0.009503
9.700000	0.000000	0.000000	0.009054
9.750000	0.000000	0.000000	0.008625
9.800000	0.000000	0.000000	0.008213
9.850000	0.000000	0.000000	0.007820
9.900000	0.000000	0.000000	0.007443
9.950000	0.000000	0.000000	0.007083
10.000000	0.000000	0.000000	0.006738
