0.020000	NaN	1.000000	1.000000	NaN	NaN	NaN
0.040000	1.000316	1.000000	1.000000	1.000000	1.027594	1.027542
0.060000	1.009247	1.000050	1.000002	1.000005	1.128247	1.125806
0.080000	1.047641	1.000883	1.000073	1.000207	1.274441	1.258150
0.100000	1.124919	1.004760	1.000672	1.001761	1.436580	1.386814
0.120000	1.235205	1.014414	1.002914	1.007152	1.599903	1.496752
0.140000	1.366713	1.031637	1.008243	1.019153	1.757676	1.585757
0.160000	1.507643	1.057026	1.017926	1.039705	1.907099	1.656381
0.180000	1.648622	1.090325	1.032785	1.069583	2.047247	1.712209
0.200000	1.783305	1.130787	1.053180	1.108589	2.178040	1.756522
0.220000	1.908071	1.177426	1.079087	1.155892	2.299740	1.791976
0.240000	2.021351	1.229171	1.110214	1.210320	2.412744	1.820613
0.260000	2.122947	1.284961	1.146095	1.270563	2.517502	1.843979
0.280000	2.213475	1.343798	1.186161	1.335311	2.614483	1.863240
0.300000	2.293967	1.404782	1.229799	1.403333	2.704166	1.879277
0.320000	2.365610	1.467126	1.276385	1.473528	2.787030	1.892767
0.340000	2.429598	1.530162	1.325320	1.544942	2.863552	1.904233
0.360000	2.487042	1.593334	1.376040	1.616774	2.934195	1.914087
0.380000	2.538935	1.656193	1.428031	1.688371	2.999405	1.922655
0.400000	2.586139	1.718384	1.480837	1.759210	3.059610	1.930203
0.420000	2.629388	1.779630	1.534059	1.828886	3.115213	1.936945
0.440000	2.669299	1.839724	1.587356	1.897094	3.166591	1.943059
0.460000	2.706385	1.898514	1.640441	1.963608	3.214096	1.948693
0.480000	2.741072	1.955893	1.693078	2.028274	3.258054	1.953970
0.500000	2.773708	2.011789	1.745075	2.090987	3.298763	1.958993
0.520000	2.804582	2.066161	1.796281	2.151689	3.336499	1.963847
0.540000	2.833927	2.118988	1.846578	2.210353	3.371514	1.968604
0.560000	2.861936	2.170266	1.895877	2.266977	3.404037	1.973325
0.580000	2.888767	2.220004	1.944115	2.321581	3.434277	1.978058
0.600000	2.914548	2.268221	1.991247	2.374196	3.462426	1.982843
0.620000	2.939386	2.314943	2.037247	2.424867	3.488656	1.987713
0.640000	2.963367	2.360200	2.082099	2.473646	3.513126	1.992693
0.660000	2.986564	2.404028	2.125801	2.520587	3.535978	1.997803
0.680000	3.009036	2.446463	2.168358	2.565751	3.557343	2.003059
0.700000	3.030833	2.487544	2.209781	2.609200	3.577340	2.008470
0.720000	3.051998	2.527309	2.250087	2.650996	3.596076	2.014044
0.740000	3.072565	2.565800	2.289296	2.691201	3.613649	2.019785
0.760000	3.092565	2.603055	2.327431	2.729877	3.630149	2.025694
0.780000	3.112025	2.639114	2.364518	2.767085	3.645658	2.031771
0.800000	3.130966	2.674016	2.400582	2.802884	3.660249	2.038011
0.820000	3.149410	2.707799	2.435651	2.837332	3.673990	2.044413
0.840000	3.167373	2.740502	2.469752	2.870485	3.686944	2.050969
0.860000	3.184873	2.772160	2.502914	2.902397	3.699168	2.057674
0.880000	3.201924	2.802809	2.535163	2.933121	3.710712	2.064521
0.900000	3.218540	2.832485	2.566527	2.962706	3.721626	2.071502
0.920000	3.234733	2.861222	2.597033	2.991200	3.731952	2.078610
0.940000	3.250515	2.889052	2.626707	3.018651	3.741730	2.085837
0.960000	3.265899	2.916007	2.655575	3.045101	3.750998	2.093174
0.980000	3.280893	2.942119	2.683662	3.070594	3.759789	2.100613
1.000000	3.295510	2.967418	2.710993	3.095170	3.768135	2.108146
1.020000	3.309759	2.991933	2.737592	3.118867	3.776064	2.115765
1.040000	3.323649	3.015692	2.763482	3.141724	3.783604	2.123462
1.060000	3.337190	3.038724	2.788685	3.163775	3.790778	2.131230
1.080000	3.350391	3.061053	2.813223	3.185054	3.797609	2.139062
1.100000	3.363261	3.082707	2.837118	3.205593	3.804119	2.146951
1.120000	3.375808	3.103710	2.860390	3.225424	3.810328	2.154889
1.140000	3.388042	3.124086	2.883059	3.244576	3.816252	2.162871
1.160000	3.399970	3.143858	2.905144	3.263076	3.821909	2.170891
1.180000	3.411600	3.163049	2.926665	3.280953	3.827315	2.178944
1.200000	3.422940	3.181680	2.947640	3.298230	3.832485	2.187023
1.220000	3.433998	3.199773	2.968086	3.314933	3.837431	2.195125
1.240000	3.444781	3.217347	2.988020	3.331085	3.842167	2.203245
1.260000	3.455298	3.234422	3.007459	3.346708	3.846704	2.211378
1.280000	3.465554	3.251017	3.026420	3.361823	3.851054	2.219522
1.300000	3.475558	3.267150	3.044917	3.376452	3.855227	2.227672
1.320000	3.485315	3.282838	3.062966	3.390612	3.859232	2.235825
1.340000	3.494833	3.298099	3.080581	3.404323	3.863079	2.243979
1.360000	3.504119	3.312949	3.097777	3.417601	3.866776	2.252132
1.380000	3.513177	3.327403	3.114568	3.430465	3.870332	2.260279
1.400000	3.522016	3.341476	3.130967	3.442930	3.873753	2.268421
1.420000	3.530641	3.355184	3.146986	3.455012	3.877048	2.276554
1.440000	3.539057	3.368539	3.162639	3.466724	3.880222	2.284678
1.460000	3.547271	3.381556	3.177937	3.478082	3.883282	2.292790
1.480000	3.555287	3.394248	3.192892	3.489098	3.886234	2.300891
1.500000	3.563113	3.406627	3.207516	3.499786	3.889084	2.308978
1.520000	3.570752	3.418705	3.221819	3.510158	3.891837	2.317051
1.540000	3.578210	3.430494	3.235812	3.520225	3.894498	2.325110
1.560000	3.585493	3.442005	3.249506	3.529999	3.897071	2.333154
1.580000	3.592604	3.453248	3.262910	3.539491	3.899562	2.341182
1.600000	3.599549	3.464234	3.276034	3.548710	3.901974	2.349195
1.620000	3.606333	3.474973	3.288887	3.557668	3.904312	2.357191
1.640000	3.612959	3.485475	3.301479	3.566372	3.906580	2.365172
1.660000	3.619432	3.495747	3.313818	3.574832	3.908781	2.373137
1.680000	3.625757	3.505800	3.325912	3.583058	3.910919	2.381086
1.700000	3.631938	3.515642	3.337769	3.591056	3.912997	2.389020
1.720000	3.637978	3.525280	3.349398	3.598836	3.915018	2.396939
1.740000	3.643881	3.534723	3.360806	3.606405	3.916985	2.404842
1.760000	3.649652	3.543978	3.372000	3.613769	3.918902	2.412731
1.780000	3.655293	3.553052	3.382988	3.620937	3.920771	2.420606
1.800000	3.660809	3.561952	3.393776	3.627915	3.922594	2.428467
1.820000	3.666203	3.570685	3.404370	3.634710	3.924375	2.436315
1.840000	3.671478	3.579257	3.414778	3.641327	3.926115	2.444149
1.860000	3.676638	3.587674	3.425004	3.647773	3.927817	2.451972
1.880000	3.681686	3.595942	3.435056	3.654053	3.929483	2.459782
1.900000	3.686624	3.604066	3.444939	3.660173	3.931115	2.467581
1.920000	3.691456	3.612052	3.454658	3.666138	3.932715	2.475370
1.940000	3.696185	3.619906	3.464218	3.671954	3.934286	2.483148
1.960000	3.700814	3.627631	3.473626	3.677625	3.935828	2.490916
1.980000	3.705345	3.635233	3.482885	3.683156	3.937344	2.498674
2.000000	3.709781	3.642716	3.492000	3.688552	3.938836	2.506424
2.020000	3.714124	3.650085	3.500976	3.693817	3.940304	2.514166
2.040000	3.718378	3.657343	3.509818	3.698955	3.941751	2.521899
2.060000	3.722544	3.664495	3.518530	3.703970	3.943178	2.529625
2.080000	3.726626	3.671545	3.527115	3.708867	3.944586	2.537344
2.100000	3.730624	3.678496	3.535578	3.713648	3.945977	2.545057
2.120000	3.734543	3.685352	3.543922	3.718319	3.947353	2.552763
2.140000	3.738382	3.692115	3.552152	3.722881	3.948713	2.560464
2.160000	3.742146	3.698790	3.560270	3.727339	3.950060	2.568159
2.180000	3.745836	3.705380	3.568280	3.731696	3.951395	2.575848
2.200000	3.749454	3.711886	3.576186	3.735954	3.952718	2.583533
2.220000	3.753002	3.718313	3.583990	3.740118	3.954032	2.591214
2.240000	3.756481	3.724663	3.591695	3.744190	3.955336	2.598890
2.260000	3.759895	3.730938	3.599305	3.748173	3.956632	2.606563
2.280000	3.763244	3.737141	3.606822	3.752069	3.957920	2.614231
2.300000	3.766530	3.743274	3.614249	3.755882	3.959202	2.621897
2.320000	3.769755	3.749340	3.621589	3.759613	3.960479	2.629558
2.340000	3.772921	3.755341	3.628844	3.763266	3.961750	2.637217
2.360000	3.776029	3.761279	3.636016	3.766842	3.963018	2.644873
2.380000	3.779081	3.767155	3.643107	3.770345	3.964282	2.652525
2.400000	3.782079	3.772972	3.650121	3.773775	3.965543	2.660175
2.420000	3.785023	3.778732	3.657059	3.777136	3.966803	2.667822
2.440000	3.787916	3.784436	3.663923	3.780430	3.968061	2.675467
2.460000	3.790759	3.790086	3.670716	3.783659	3.969319	2.683109
2.480000	3.793552	3.795684	3.677438	3.786824	3.970576	2.690748
2.500000	3.796299	3.801231	3.684092	3.789927	3.971833	2.698385
2.520000	3.798999	3.806728	3.690681	3.792971	3.973092	2.706019
2.540000	3.801654	3.812177	3.697204	3.795957	3.974352	2.713651
2.560000	3.804266	3.817580	3.703665	3.798887	3.975614	2.721280
2.580000	3.806836	3.822938	3.710064	3.801763	3.976878	2.728906
2.600000	3.809364	3.828251	3.716403	3.804585	3.978144	2.736529
2.620000	3.811852	3.833521	3.722684	3.807357	3.979414	2.744150
2.640000	3.814301	3.838750	3.728909	3.810079	3.980688	2.751767
2.660000	3.816713	3.843937	3.735077	3.812753	3.981965	2.759382
2.680000	3.819087	3.849085	3.741191	3.815380	3.983246	2.766993
2.700000	3.821426	3.854195	3.747253	3.817961	3.984532	2.774601
2.720000	3.823730	3.859266	3.753262	3.820499	3.985823	2.782205
2.740000	3.826001	3.864301	3.759221	3.822994	3.987119	2.789806
2.760000	3.828238	3.869299	3.765130	3.825448	3.988420	2.797402
2.780000	3.830444	3.874263	3.770991	3.827862	3.989726	2.804995
2.800000	3.832619	3.879192	3.776804	3.830237	3.991039	2.812583
2.820000	3.834764	3.884087	3.782571	3.832575	3.992358	2.820167
2.840000	3.836880	3.888950	3.788292	3.834875	3.993682	2.827747
2.860000	3.838967	3.893780	3.793969	3.837141	3.995013	2.835321
2.880000	3.841027	3.898578	3.799603	3.839372	3.996351	2.842890
2.900000	3.843061	3.903346	3.805194	3.841569	3.997696	2.850454
2.920000	3.845068	3.908084	3.810742	3.843735	3.999047	2.858012
2.940000	3.847051	3.912791	3.816250	3.845869	4.000406	2.865564
2.960000	3.849009	3.917470	3.821717	3.847972	4.001771	2.873111
2.980000	3.850943	3.922120	3.827145	3.850047	4.003144	2.880651
3.000000	3.852855	3.926742	3.832534	3.852093	4.004524	2.888184
3.020000	3.854744	3.931336	3.837884	3.854111	4.005912	2.895710
3.040000	3.856612	3.935903	3.843198	3.856102	4.007307	2.903229
3.060000	3.858459	3.940444	3.848474	3.858068	4.008710	2.910741
3.080000	3.860285	3.944958	3.853714	3.860008	4.010120	2.918245
3.100000	3.862092	3.949446	3.858918	3.861924	4.011539	2.925741
3.120000	3.863880	3.953909	3.864088	3.863817	4.012964	2.933229
3.140000	3.865650	3.958347	3.869223	3.865687	4.014398	2.940708
3.160000	3.867402	3.962760	3.874323	3.867534	4.015840	2.948178
3.180000	3.869136	3.967148	3.879391	3.869360	4.017289	2.955639
3.200000	3.870854	3.971513	3.884425	3.871166	4.018746	2.963091
3.220000	3.872556	3.975854	3.889428	3.872951	4.020211	2.970533
3.240000	3.874241	3.980172	3.894398	3.874718	4.021684	2.977965
3.260000	3.875912	3.984466	3.899336	3.876465	4.023165	2.985387
3.280000	3.877568	3.988738	3.904244	3.878194	4.024653	2.992798
3.300000	3.879210	3.992987	3.909121	3.879906	4.026150	3.000198
3.320000	3.880838	3.997214	3.913968	3.881600	4.027654	3.007588
3.340000	3.882453	4.001419	3.918784	3.883279	4.029166	3.014966
3.360000	3.884055	4.005603	3.923572	3.884941	4.030685	3.022332
3.380000	3.885645	4.009764	3.928330	3.886588	4.032213	3.029686
3.400000	3.887223	4.013905	3.933060	3.888220	4.033747	3.037028
3.420000	3.888789	4.018024	3.937761	3.889838	4.035290	3.044357
3.440000	3.890344	4.022123	3.942434	3.891442	4.036840	3.051674
3.460000	3.891889	4.026201	3.947080	3.893033	4.038397	3.058977
3.480000	3.893423	4.030258	3.951698	3.894611	4.039962	3.066267
3.500000	3.894947	4.034295	3.956289	3.896176	4.041535	3.073544
3.520000	3.896461	4.038312	3.960854	3.897730	4.043114	3.080807
3.540000	3.897966	4.042309	3.965391	3.899272	4.044701	3.088055
3.560000	3.899462	4.046287	3.969903	3.900802	4.046295	3.095289
3.580000	3.900950	4.050245	3.974389	3.902322	4.047895	3.102509
3.600000	3.902429	4.054183	3.978849	3.903832	4.049503	3.109713
3.620000	3.903901	4.058102	3.983284	3.905331	4.051118	3.116903
3.640000	3.905364	4.062002	3.987694	3.906821	4.052740	3.124077
3.660000	3.906821	4.065883	3.992079	3.908302	4.054368	3.131235
3.680000	3.908270	4.069745	3.996439	3.909774	4.056003	3.138377
3.700000	3.909712	4.073589	4.000775	3.911237	4.057644	3.145504
3.720000	3.911148	4.077413	4.005086	3.912692	4.059292	3.152614
3.740000	3.912578	4.081220	4.009374	3.914139	4.060946	3.159707
3.760000	3.914001	4.085008	4.013638	3.915578	4.062607	3.166784
3.780000	3.915419	4.088778	4.017878	3.917010	4.064273	3.173843
3.800000	3.916832	4.092530	4.022095	3.918435	4.065946	3.180886
3.820000	3.918239	4.096263	4.026289	3.919853	4.067625	3.187911
3.840000	3.919641	4.099979	4.030460	3.921265	4.069309	3.194918
3.860000	3.921038	4.103678	4.034608	3.922671	4.071000	3.201907
3.880000	3.922431	4.107358	4.038734	3.924070	4.072696	3.208879
3.900000	3.923819	4.111021	4.042838	3.925464	4.074397	3.215832
3.920000	3.925204	4.114667	4.046919	3.926853	4.076104	3.222766
3.940000	3.926584	4.118295	4.050978	3.928236	4.077817	3.229682
3.960000	3.927960	4.121906	4.055015	3.929614	4.079534	3.236580
3.980000	3.929333	4.125500	4.059031	3.930988	4.081257	3.243458
4.000000	3.930702	4.129077	4.063025	3.932357	4.082985	3.250317
4.020000	3.932068	4.132637	4.066998	3.933722	4.084717	3.257156
4.040000	3.933431	4.136180	4.070950	3.935082	4.086455	3.263976
4.060000	3.934792	4.139706	4.074880	3.936439	4.088197	3.270777
4.080000	3.936149	4.143215	4.078790	3.937792	4.089944	3.277557
4.100000	3.937504	4.146708	4.082679	3.939141	4.091695	3.284318
4.120000	3.938856	4.150185	4.086547	3.940487	4.093451	3.291058
4.140000	3.940206	4.153644	4.090395	3.941830	4.095211	3.297778
4.160000	3.941554	4.157088	4.094223	3.943169	4.096975	3.304478
4.180000	3.942900	4.160515	4.098031	3.944506	4.098743	3.311157
4.200000	3.944244	4.163926	4.101818	3.945840	4.100515	3.317815
4.220000	3.945586	4.167321	4.105586	3.947172	4.102291	3.324453
4.240000	3.946927	4.170699	4.109333	3.948501	4.104071	3.331070
4.260000	3.948266	4.174062	4.113062	3.949828	4.105854	3.337665
4.280000	3.949604	4.177409	4.116770	3.951153	4.107641	3.344239
4.300000	3.950940	4.180740	4.120459	3.952476	4.109431	3.350792
4.320000	3.952276	4.184055	4.124129	3.953797	4.111225	3.357324
4.340000	3.953610	4.187355	4.127780	3.955116	4.113022	3.363834
4.360000	3.954943	4.190638	4.131412	3.956433	4.114822	3.370322
4.380000	3.956275	4.193907	4.135025	3.957749	4.116625	3.376788
4.400000	3.957607	4.197159	4.138619	3.959064	4.118431	3.383233
4.420000	3.958937	4.200397	4.142195	3.960378	4.120239	3.389656
4.440000	3.960268	4.203619	4.145752	3.961690	4.122051	3.396056
4.460000	3.961597	4.206825	4.149291	3.963001	4.123865	3.402435
4.480000	3.962926	4.210017	4.152811	3.964311	4.125681	3.408791
4.500000	3.964255	4.213193	4.156313	3.965621	4.127500	3.415125
4.520000	3.965584	4.216354	4.159797	3.966929	4.129321	3.421437
4.540000	3.966912	4.219501	4.163263	3.968237	4.131145	3.427726
4.560000	3.968240	4.222632	4.166711	3.969544	4.132970	3.433993
4.580000	3.969568	4.225748	4.170141	3.970851	4.134798	3.440237
4.600000	3.970896	4.228850	4.173554	3.972157	4.136627	3.446459
4.620000	3.972224	4.231936	4.176949	3.973463	4.138458	3.452658
4.640000	3.973552	4.235008	4.180326	3.974768	4.140291	3.458834
4.660000	3.974880	4.238066	4.183686	3.976074	4.142126	3.464987
4.680000	3.976209	4.241109	4.187029	3.977379	4.143962	3.471118
4.700000	3.977537	4.244137	4.190355	3.978684	4.145799	3.477226
4.720000	3.978866	4.247151	4.193664	3.979989	4.147638	3.483310
4.740000	3.980195	4.250150	4.196955	3.981294	4.149478	3.489372
4.760000	3.981525	4.253135	4.200230	3.982599	4.151320	3.495411
4.780000	3.982855	4.256106	4.203488	3.983904	4.153162	3.501427
4.800000	3.984186	4.259063	4.206729	3.985209	4.155005	3.507419
4.820000	3.985517	4.262005	4.209954	3.986514	4.156850	3.513389
4.840000	3.986848	4.264934	4.213162	3.987820	4.158695	3.519335
4.860000	3.988180	4.267848	4.216354	3.989126	4.160541	3.525258
4.880000	3.989513	4.270749	4.219529	3.990433	4.162387	3.531159
4.900000	3.990846	4.273635	4.222689	3.991739	4.164234	3.537036
4.920000	3.992180	4.276508	4.225832	3.993047	4.166082	3.542889
4.940000	3.993515	4.279367	4.228959	3.994354	4.167930	3.548720
4.960000	3.994850	4.282212	4.232070	3.995662	4.169778	3.554527
4.980000	3.996186	4.285044	4.235165	3.996971	4.171627	3.560311
5.000000	3.997523	4.287862	4.238244	3.998280	4.173476	3.566072
5.020000	3.998860	4.290666	4.241308	3.999590	4.175324	3.571810
5.040000	4.000198	4.293457	4.244356	4.000900	4.177173	3.577524
5.060000	4.001538	4.296235	4.247389	4.002211	4.179022	3.583215
5.080000	4.002878	4.298999	4.250406	4.003523	4.180871	3.588883
5.100000	4.004218	4.301750	4.253408	4.004836	4.182719	3.594528
5.120000	4.005560	4.304488	4.256394	4.006149	4.184567	3.600149
5.140000	4.006902	4.307212	4.259366	4.007462	4.186415	3.605747
5.160000	4.008246	4.309924	4.262322	4.008777	4.188262	3.611322
5.180000	4.009590	4.312622	4.265263	4.010092	4.190109	3.616874
5.200000	4.010935	4.315307	4.268189	4.011408	4.191956	3.622403
5.220000	4.012281	4.317980	4.271101	4.012725	4.193801	3.627908
5.240000	4.013628	4.320639	4.273997	4.014043	4.195646	3.633391
5.260000	4.014975	4.323286	4.276879	4.015361	4.197491	3.638850
5.280000	4.016324	4.325920	4.279747	4.016681	4.199334	3.644286
5.300000	4.017674	4.328541	4.282599	4.018001	4.201176	3.649699
5.320000	4.019024	4.331149	4.285438	4.019322	4.203018	3.655089
5.340000	4.020375	4.333745	4.288262	4.020643	4.204858	3.660457
5.360000	4.021728	4.336329	4.291071	4.021966	4.206698	3.665801
5.380000	4.023081	4.338900	4.293867	4.023289	4.208536	3.671122
5.400000	4.024435	4.341458	4.296648	4.024614	4.210373	3.676420
5.420000	4.025790	4.344005	4.299415	4.025939	4.212209	3.681696
5.440000	4.027146	4.346538	4.302168	4.027265	4.214044	3.686948
5.460000	4.028502	4.349060	4.304907	4.028592	4.215877	3.692178
5.480000	4.029860	4.351569	4.307633	4.029920	4.217708	3.697385
5.500000	4.031219	4.354067	4.310345	4.031248	4.219539	3.702570
5.520000	4.032578	4.356552	4.313043	4.032578	4.221367	3.707732
5.540000	4.033938	4.359025	4.315727	4.033908	4.223194	3.712871
5.560000	4.035299	4.361486	4.318398	4.035239	4.225020	3.717987
5.580000	4.036661	4.363936	4.321055	4.036571	4.226844	3.723081
5.600000	4.038024	4.366373	4.323699	4.037904	4.228666	3.728153
5.620000	4.039388	4.368799	4.326330	4.039238	4.230486	3.733202
5.640000	4.040752	4.371213	4.328947	4.040572	4.232304	3.738229
5.660000	4.042118	4.373615	4.331551	4.041907	4.234120	3.743233
5.680000	4.043484	4.376006	4.334142	4.043244	4.235935	3.748215
5.700000	4.044851	4.378385	4.336721	4.044581	4.237747	3.753175
5.720000	4.046218	4.380752	4.339286	4.045918	4.239558	3.758113
5.740000	4.047587	4.383109	4.341838	4.047257	4.241366	3.763028
5.760000	4.048956	4.385453	4.344377	4.048596	4.243172	3.767922
5.780000	4.050326	4.387787	4.346904	4.049936	4.244976	3.772793
5.800000	4.051697	4.390109	4.349418	4.051277	4.246778	3.777643
5.820000	4.053068	4.392420	4.351919	4.052619	4.248577	3.782471
5.840000	4.054440	4.394719	4.354408	4.053961	4.250374	3.787277
5.860000	4.055813	4.397008	4.356885	4.055304	4.252169	3.792061
5.880000	4.057186	4.399285	4.359349	4.056648	4.253962	3.796823
5.900000	4.058560	4.401552	4.361800	4.057992	4.255752	3.801564
5.920000	4.059935	4.403807	4.364239	4.059337	4.257539	3.806284
5.940000	4.061310	4.406052	4.366667	4.060683	4.259324	3.810981
5.960000	4.062686	4.408285	4.369082	4.062029	4.261107	3.815658
5.980000	4.064062	4.410508	4.371485	4.063376	4.262887	3.820313
6.000000	4.065440	4.412720	4.373876	4.064724	4.264664	3.824946
6.020000	4.066817	4.414922	4.376255	4.066072	4.266439	3.829559
6.040000	4.068195	4.417113	4.378622	4.067421	4.268210	3.834150
6.060000	4.069574	4.419293	4.380977	4.068771	4.269980	3.838720
6.080000	4.070953	4.421463	4.383321	4.070121	4.271746	3.843270
6.100000	4.072333	4.423622	4.385652	4.071471	4.273510	3.847798
6.120000	4.073713	4.425771	4.387973	4.072823	4.275271	3.852305
6.140000	4.075093	4.427909	4.390282	4.074174	4.277029	3.856792
6.160000	4.076474	4.430037	4.392579	4.075526	4.278784	3.861257
6.180000	4.077855	4.432155	4.394865	4.076879	4.280536	3.865703
6.200000	4.079237	4.434263	4.397139	4.078232	4.282285	3.870127
6.220000	4.080619	4.436360	4.399402	4.079586	4.284031	3.874531
6.240000	4.082001	4.438447	4.401654	4.080940	4.285775	3.878915
6.260000	4.083384	4.440524	4.403895	4.082294	4.287515	3.883278
6.280000	4.084767	4.442592	4.406125	4.083649	4.289252	3.887621
6.300000	4.086150	4.444649	4.408343	4.085004	4.290986	3.891943
6.320000	4.087534	4.446696	4.410551	4.086359	4.292717	3.896246
6.340000	4.088918	4.448734	4.412748	4.087715	4.294445	3.900528
6.360000	4.090302	4.450761	4.414934	4.089071	4.296170	3.904791
6.380000	4.091686	4.452779	4.417109	4.090428	4.297891	3.909033
6.400000	4.093071	4.454787	4.419273	4.091784	4.299609	3.913256
6.420000	4.094455	4.456786	4.421427	4.093141	4.301324	3.917459
6.440000	4.095840	4.458775	4.423570	4.094498	4.303036	3.921642
6.460000	4.097225	4.460754	4.425702	4.095856	4.304745	3.925805
6.480000	4.098610	4.462724	4.427824	4.097213	4.306450	3.929949
6.500000	4.099995	4.464685	4.429935	4.098571	4.308152	3.934074
6.520000	4.101380	4.466635	4.432036	4.099929	4.309850	3.938179
6.540000	4.102765	4.468577	4.434127	4.101287	4.311546	3.942265
6.560000	4.104150	4.470509	4.436208	4.102646	4.313237	3.946332
6.580000	4.105535	4.472432	4.438278	4.104004	4.314926	3.950379
6.600000	4.106920	4.474346	4.440338	4.105362	4.316611	3.954408
6.620000	4.108305	4.476251	4.442388	4.106721	4.318292	3.958417
6.640000	4.109690	4.478146	4.444428	4.108080	4.319970	3.962408
6.660000	4.111075	4.480033	4.446458	4.109438	4.321645	3.966380
6.680000	4.112460	4.481910	4.448478	4.110797	4.323316	3.970333
6.700000	4.113845	4.483778	4.450488	4.112155	4.324984	3.974267
6.720000	4.115229	4.485638	4.452488	4.113514	4.326648	3.978183
6.740000	4.116614	4.487489	4.454479	4.114872	4.328308	3.982080
6.760000	4.117998	4.489330	4.456459	4.116231	4.329965	3.985959
6.780000	4.119382	4.491163	4.458430	4.117589	4.331619	3.989819
6.800000	4.120766	4.492987	4.460392	4.118947	4.333268	3.993661
6.820000	4.122149	4.494803	4.462344	4.120306	4.334915	3.997485
6.840000	4.123533	4.496610	4.464286	4.121664	4.336557	4.001291
6.860000	4.124916	4.498408	4.466219	4.123021	4.338196	4.005079
6.880000	4.126298	4.500198	4.468143	4.124379	4.339832	4.008849
6.900000	4.127681	4.501979	4.470057	4.125736	4.341463	4.012601
6.920000	4.129063	4.503752	4.471962	4.127094	4.343091	4.016335
6.940000	4.130444	4.505516	4.473858	4.128450	4.344716	4.020052
6.960000	4.131826	4.507272	4.475744	4.129807	4.346336	4.023750
6.980000	4.133207	4.509019	4.477622	4.131164	4.347953	4.027432
7.000000	4.134587	4.510758	4.479490	4.132520	4.349567	4.031096
7.020000	4.135967	4.512489	4.481349	4.133875	4.351176	4.034742
7.040000	4.137347	4.514212	4.483199	4.135231	4.352782	4.038371
7.060000	4.138726	4.515927	4.485041	4.136586	4.354384	4.041983
7.080000	4.140104	4.517633	4.486873	4.137941	4.355982	4.045578
7.100000	4.141482	4.519332	4.488697	4.139295	4.357577	4.049156
7.120000	4.142860	4.521022	4.490511	4.140649	4.359168	4.052716
7.140000	4.144237	4.522704	4.492318	4.142002	4.360755	4.056260
7.160000	4.145613	4.524379	4.494115	4.143355	4.362338	4.059787
7.180000	4.146989	4.526045	4.495904	4.144708	4.363918	4.063297
7.200000	4.148364	4.527704	4.497684	4.146060	4.365493	4.066791
7.220000	4.149739	4.529355	4.499455	4.147412	4.367065	4.070268
7.240000	4.151113	4.530998	4.501218	4.148763	4.368633	4.073728
7.260000	4.152486	4.532633	4.502973	4.150113	4.370197	4.077172
7.280000	4.153859	4.534261	4.504719	4.151463	4.371758	4.080600
7.300000	4.155231	4.535881	4.506457	4.152813	4.373315	4.084011
7.320000	4.156602	4.537493	4.508187	4.154161	4.374867	4.087406
7.340000	4.157972	4.539098	4.509908	4.155510	4.376416	4.090785
7.360000	4.159342	4.540695	4.511621	4.156857	4.377961	4.094148
7.380000	4.160711	4.542285	4.513326	4.158204	4.379503	4.097495
7.400000	4.162079	4.543867	4.515023	4.159550	4.381040	4.100826
7.420000	4.163447	4.545442	4.516712	4.160896	4.382574	4.104141
7.440000	4.164813	4.547009	4.518392	4.162241	4.384104	4.107441
7.460000	4.166179	4.548569	4.520065	4.163585	4.385629	4.110725
7.480000	4.167544	4.550122	4.521730	4.164928	4.387151	4.113993
7.500000	4.168908	4.551668	4.523387	4.166271	4.388670	4.117246
7.520000	4.170271	4.553206	4.525036	4.167613	4.390184	4.120483
7.540000	4.171633	4.554738	4.526677	4.168954	4.391694	4.123705
7.560000	4.172994	4.556262	4.528310	4.170294	4.393201	4.126912
7.580000	4.174354	4.557779	4.529936	4.171634	4.394703	4.130103
7.600000	4.175714	4.559289	4.531554	4.172973	4.396202	4.133279
7.620000	4.177072	4.560791	4.533164	4.174311	4.397697	4.136441
7.640000	4.178430	4.562287	4.534767	4.175648	4.399188	4.139587
7.660000	4.179786	4.563776	4.536362	4.176984	4.400675	4.142718
7.680000	4.181141	4.565258	4.537950	4.178319	4.402159	4.145835
7.700000	4.182496	4.566734	4.539530	4.179653	4.403638	4.148937
7.720000	4.183849	4.568202	4.541103	4.180987	4.405114	4.152024
7.740000	4.185201	4.569663	4.542668	4.182319	4.406585	4.155096
7.760000	4.186553	4.571118	4.544226	4.183651	4.408053	4.158154
7.780000	4.187903	4.572566	4.545777	4.184981	4.409517	4.161198
7.800000	4.189252	4.574008	4.547320	4.186311	4.410977	4.164227
7.820000	4.190600	4.575442	4.548857	4.187640	4.412433	4.167241
7.840000	4.191946	4.576871	4.550386	4.188967	4.413885	4.170242
7.860000	4.193292	4.578292	4.551908	4.190294	4.415333	4.173228
7.880000	4.194636	4.579707	4.553422	4.191619	4.416778	4.176200
7.900000	4.195980	4.581115	4.554930	4.192944	4.418218	4.179159
7.920000	4.197322	4.582517	4.556431	4.194267	4.419655	4.182103
7.940000	4.198663	4.583913	4.557925	4.195589	4.421088	4.185033
7.960000	4.200002	4.585302	4.559411	4.196911	4.422517	4.187950
7.980000	4.201341	4.586685	4.560891	4.198231	4.423942	4.190853
8.000000	4.202678	4.588061	4.562364	4.199550	4.425363	4.193742
8.020000	4.204014	4.589431	4.563830	4.200868	4.426781	4.196617
8.040000	4.205349	4.590795	4.565290	4.202184	4.428194	4.199479
8.060000	4.206682	4.592153	4.566742	4.203500	4.429604	4.202328
8.080000	4.208014	4.593504	4.568188	4.204814	4.431010	4.205163
8.100000	4.209345	4.594850	4.569628	4.206128	4.432411	4.207984
8.120000	4.210674	4.596189	4.571060	4.207440	4.433810	4.210793
8.140000	4.212003	4.597522	4.572486	4.208750	4.435204	4.213588
8.160000	4.213329	4.598849	4.573905	4.210060	4.436594	4.216370
8.180000	4.214655	4.600169	4.575318	4.211368	4.437981	4.219140
8.200000	4.215979	4.601484	4.576725	4.212675	4.439363	4.221896
8.220000	4.217302	4.602793	4.578125	4.213981	4.440742	4.224639
8.240000	4.218623	4.604096	4.579518	4.215286	4.442117	4.227369
8.260000	4.219943	4.605393	4.580905	4.216589	4.443488	4.230087
8.280000	4.221262	4.606685	4.582286	4.217891	4.444856	4.232792
8.300000	4.222579	4.607970	4.583660	4.219192	4.446219	4.235484
8.320000	4.223894	4.609249	4.585028	4.220491	4.447579	4.238164
8.340000	4.225209	4.610523	4.586390	4.221789	4.448935	4.240831
8.360000	4.226521	4.611791	4.587746	4.223086	4.450287	4.243485
8.380000	4.227833	4.613054	4.589095	4.224381	4.451636	4.246128
8.400000	4.229143	4.614310	4.590438	4.225675	4.452980	4.248758
8.420000	4.230451	4.615561	4.591776	4.226968	4.454321	4.251375
8.440000	4.231758	4.616806	4.593107	4.228259	4.455658	4.253981
8.460000	4.233063	4.618046	4.594432	4.229549	4.456991	4.256574
8.480000	4.234367	4.619280	4.595751	4.230837	4.458321	4.259155
8.500000	4.235669	4.620509	4.597064	4.232124	4.459646	4.261725
8.520000	4.236970	4.621732	4.598371	4.233410	4.460968	4.264282
8.540000	4.238269	4.622950	4.599672	4.234694	4.462286	4.266827
8.560000	4.239567	4.624162	4.600967	4.235977	4.463601	4.269361
8.580000	4.240863	4.625369	4.602257	4.237258	4.464911	4.271883
8.600000	4.242158	4.626570	4.603541	4.238538	4.466218	4.274393
8.620000	4.243450	4.627766	4.604818	4.239816	4.467521	4.276891
8.640000	4.244742	4.628957	4.606090	4.241093	4.468821	4.279378
8.660000	4.246032	4.630142	4.607357	4.242368	4.470116	4.281854
8.680000	4.247320	4.631322	4.608618	4.243642	4.471408	4.284318
8.700000	4.248606	4.632497	4.609873	4.244914	4.472697	4.286770
8.720000	4.249891	4.633667	4.611122	4.246185	4.473981	4.289212
8.740000	4.251174	4.634831	4.612366	4.247454	4.475262	4.291642
8.760000	4.252456	4.635991	4.613604	4.248722	4.476539	4.294060
8.780000	4.253736	4.637145	4.614837	4.249988	4.477813	4.296468
8.800000	4.255014	4.638294	4.616064	4.251253	4.479083	4.298864
8.820000	4.256291	4.639438	4.617285	4.252516	4.480349	4.301250
8.840000	4.257566	4.640577	4.618502	4.253778	4.481611	4.303624
8.860000	4.258839	4.641711	4.619712	4.255038	4.482870	4.305988
8.880000	4.260111	4.642840	4.620918	4.256296	4.484125	4.308341
8.900000	4.261381	4.643964	4.622118	4.257553	4.485377	4.310683
8.920000	4.262649	4.645083	4.623313	4.258808	4.486625	4.313014
8.940000	4.263915	4.646197	4.624502	4.260061	4.487869	4.315334
8.960000	4.265180	4.647306	4.625686	4.261313	4.489110	4.317644
8.980000	4.266443	4.648410	4.626865	4.262564	4.490347	4.319944
9.000000	4.267704	4.649510	4.628039	4.263812	4.491580	4.322232
9.020000	4.268964	4.650604	4.629207	4.265059	4.492810	4.324511
9.040000	4.270222	4.651694	4.630371	4.266305	4.494036	4.326779
9.060000	4.271478	4.652779	4.631529	4.267548	4.495259	4.329036
9.080000	4.272732	4.653860	4.632682	4.268790	4.496478	4.331283
9.100000	4.273984	4.654935	4.633830	4.270031	4.497693	4.333520
9.120000	4.275235	4.656006	4.634973	4.271270	4.498905	4.335747
9.140000	4.276484	4.657073	4.636111	4.272507	4.500114	4.337964
9.160000	4.277731	4.658134	4.637244	4.273742	4.501318	4.340170
9.180000	4.278977	4.659191	4.638372	4.274976	4.502520	4.342367
9.200000	4.280220	4.660244	4.639495	4.276207	4.503718	4.344554
9.220000	4.281462	4.661292	4.640613	4.277438	4.504912	4.346730
9.240000	4.282702	4.662335	4.641726	4.278666	4.506103	4.348897
9.260000	4.283940	4.663374	4.642835	4.279893	4.507290	4.351054
9.280000	4.285177	4.664408	4.643938	4.281118	4.508474	4.353201
9.300000	4.286411	4.665438	4.645037	4.282342	4.509654	4.355339
9.320000	4.287644	4.666464	4.646131	4.283563	4.510831	4.357466
9.340000	4.288875	4.667485	4.647220	4.284783	4.512004	4.359585
9.360000	4.290104	4.668501	4.648305	4.286001	4.513174	4.361693
9.380000	4.291331	4.669514	4.649384	4.287218	4.514340	4.363793
9.400000	4.292556	4.670521	4.650460	4.288432	4.515503	4.365882
9.420000	4.293779	4.671525	4.651530	4.289645	4.516662	4.367962
9.440000	4.295001	4.672524	4.652596	4.290856	4.517818	4.370033
9.460000	4.296221	4.673519	4.653657	4.292065	4.518971	4.372095
9.480000	4.297439	4.674510	4.654714	4.293273	4.520120	4.374147
9.500000	4.298655	4.675496	4.655766	4.294479	4.521266	4.376191
9.520000	4.299869	4.676479	4.656813	4.295683	4.522408	4.378225
9.540000	4.301081	4.677457	4.657856	4.296885	4.523547	4.380249
9.560000	4.302291	4.678431	4.658895	4.298085	4.524683	4.382265
9.580000	4.303500	4.679400	4.659929	4.299284	4.525815	4.384272
9.600000	4.304706	4.680366	4.660958	4.300481	4.526944	4.386270
9.620000	4.305911	4.681327	4.661984	4.301675	4.528070	4.388259
9.640000	4.307114	4.682285	4.663004	4.302869	4.529192	4.390239
9.660000	4.308314	4.683238	4.664021	4.304060	4.530311	4.392210
9.680000	4.309513	4.684188	4.665033	4.305249	4.531426	4.394172
9.700000	4.310710	4.685133	4.666041	4.306437	4.532538	4.396126
9.720000	4.311905	4.686074	4.667044	4.307623	4.533647	4.398071
9.740000	4.313099	4.687011	4.668044	4.308807	4.534753	4.400007
9.760000	4.314290	4.687945	4.669038	4.309989	4.535855	4.401935
9.780000	4.315479	4.688874	4.670029	4.311169	4.536954	4.403854
9.800000	4.316667	4.689800	4.671016	4.312348	4.538050	4.405765
9.820000	4.317852	4.690721	4.671998	4.313524	4.539142	4.407667
9.840000	4.319036	4.691639	4.672976	4.314699	4.540231	4.409561
9.860000	4.320217	4.692553	4.673950	4.315872	4.541317	4.411447
9.880000	4.321397	4.693463	4.674920	4.317043	4.542400	4.413324
9.900000	4.322574	4.694369	4.675886	4.318212	4.543479	4.415193
9.920000	4.323750	4.695272	4.676848	4.319380	4.544555	4.417053
9.940000	4.324924	4.696170	4.677805	4.320545	4.545628	4.418906
9.960000	4.326096	4.697065	4.678759	4.321709	4.546698	4.420750
9.980000	4.327266	4.697956	4.679709	4.322870	4.547765	4.422586
10.000000	4.328434	4.698844	4.680654	4.324030	4.548828	4.424414
10.100000	4.334244	4.703226	4.685324	4.329801	4.554097	4.433435
10.200000	4.340005	4.707518	4.689896	4.335525	4.559288	4.442261
10.300000	4.345716	4.711722	4.694374	4.341201	4.564402	4.450896
10.400000	4.351378	4.715840	4.698761	4.346829	4.569439	4.459346
10.500000	4.356990	4.719875	4.703058	4.352409	4.574401	4.467616
10.600000	4.362552	4.723829	4.707268	4.357941	4.579289	4.475709
10.700000	4.368064	4.727704	4.711393	4.363424	4.584104	4.483632
10.800000	4.373526	4.731501	4.715435	4.368859	4.588848	4.491387
10.900000	4.378938	4.735223	4.719396	4.374246	4.593520	4.498980
11.000000	4.384300	4.738871	4.723279	4.379584	4.598123	4.506414
11.100000	4.389612	4.742448	4.727085	4.384874	4.602658	4.513694
11.200000	4.394874	4.745955	4.730817	4.390115	4.607124	4.520824
11.300000	4.400086	4.749393	4.734475	4.395308	4.611525	4.527807
11.400000	4.405248	4.752765	4.738062	4.400452	4.615860	4.534647
11.500000	4.410361	4.756073	4.741580	4.405549	4.620131	4.541347
11.600000	4.415425	4.759316	4.745030	4.410597	4.624339	4.547912
11.700000	4.420440	4.762499	4.748414	4.415597	4.628484	4.554344
11.800000	4.425405	4.765620	4.751734	4.420550	4.632568	4.560647
11.900000	4.430322	4.768683	4.754990	4.425455	4.636592	4.566825
12.000000	4.435190	4.771689	4.758186	4.430313	4.640556	4.572879
12.100000	4.440010	4.774638	4.761321	4.435123	4.644462	4.578814
12.200000	4.444782	4.777533	4.764398	4.439887	4.648311	4.584632
12.300000	4.449507	4.780374	4.767418	4.444603	4.652104	4.590336
12.400000	4.454184	4.783163	4.770382	4.449274	4.655841	4.595929
12.500000	4.458813	4.785901	4.773291	4.453898	4.659523	4.601414
12.600000	4.463396	4.788589	4.776148	4.458476	4.663152	4.606793
12.700000	4.467933	4.791229	4.778952	4.463009	4.666728	4.612068
12.800000	4.472423	4.793821	4.781706	4.467497	4.670252	4.617243
12.900000	4.476868	4.796366	4.784410	4.471939	4.673726	4.622319
13.000000	4.481267	4.798866	4.787066	4.476337	4.677149	4.627300
13.100000	4.485621	4.801322	4.789675	4.480691	4.680523	4.632186
13.200000	4.489930	4.803734	4.792237	4.485001	4.683848	4.636982
13.300000	4.494195	4.806105	4.794754	4.489267	4.687126	4.641687
13.400000	4.498416	4.808433	4.797227	4.493489	4.690357	4.646306
13.500000	4.502594	4.810721	4.799657	4.497669	4.693542	4.650840
13.600000	4.506728	4.812970	4.802045	4.501806	4.696681	4.655290
13.700000	4.510819	4.815180	4.804391	4.505901	4.699776	4.659659
13.800000	4.514868	4.817352	4.806697	4.509954	4.702828	4.663949
13.900000	4.518874	4.819487	4.808964	4.513966	4.705836	4.668161
14.000000	4.522840	4.821586	4.811192	4.517937	4.708802	4.672297
14.100000	4.526763	4.823649	4.813382	4.521866	4.711726	4.676359
14.200000	4.530646	4.825678	4.815535	4.525756	4.714610	4.680349
14.300000	4.534488	4.827673	4.817652	4.529605	4.717453	4.684268
14.400000	4.538291	4.829635	4.819734	4.533415	4.720257	4.688118
14.500000	4.542053	4.831564	4.821782	4.537185	4.723021	4.691901
14.600000	4.545776	4.833461	4.823795	4.540917	4.725748	4.695617
14.700000	4.549461	4.835328	4.825776	4.544610	4.728437	4.699269
14.800000	4.553107	4.837164	4.827724	4.548265	4.731089	4.702858
14.900000	4.556714	4.838970	4.829640	4.551883	4.733705	4.706384
15.000000	4.560284	4.840747	4.831525	4.555463	4.736285	4.709851
15.100000	4.563817	4.842495	4.833380	4.559006	4.738830	4.713258
15.200000	4.567313	4.844215	4.835205	4.562513	4.741340	4.716608
15.300000	4.570772	4.845908	4.837001	4.565983	4.743817	4.719901
15.400000	4.574195	4.847574	4.838768	4.569417	4.746259	4.723139
15.500000	4.577582	4.849214	4.840507	4.572817	4.748670	4.726322
15.600000	4.580934	4.850828	4.842219	4.576181	4.751047	4.729453
15.700000	4.584251	4.852417	4.843904	4.579510	4.753393	4.732531
15.800000	4.587533	4.853982	4.845563	4.582805	4.755708	4.735559
15.900000	4.590781	4.855522	4.847196	4.586066	4.757992	4.738538
16.000000	4.593996	4.857038	4.848804	4.589293	4.760246	4.741467
16.100000	4.597177	4.858531	4.850387	4.592488	4.762470	4.744350
16.200000	4.600324	4.860001	4.851946	4.595649	4.764664	4.747185
16.300000	4.603439	4.861449	4.853481	4.598778	4.766830	4.749975
16.400000	4.606522	4.862875	4.854993	4.601875	4.768968	4.752720
16.500000	4.609573	4.864279	4.856482	4.604940	4.771078	4.755422
16.600000	4.612592	4.865663	4.857949	4.607973	4.773160	4.758080
16.700000	4.615580	4.867025	4.859393	4.610975	4.775215	4.760697
16.800000	4.618536	4.868368	4.860816	4.613947	4.777244	4.763272
16.900000	4.621463	4.869691	4.862218	4.616888	4.779247	4.765807
17.000000	4.624359	4.870994	4.863600	4.619800	4.781224	4.768303
17.100000	4.627225	4.872278	4.864961	4.622681	4.783176	4.770760
17.200000	4.630062	4.873543	4.866302	4.625533	4.785103	4.773179
17.300000	4.632870	4.874790	4.867624	4.628357	4.787005	4.775560
17.400000	4.635648	4.876019	4.868926	4.631151	4.788884	4.777906
17.500000	4.638399	4.877231	4.870210	4.633917	4.790738	4.780215
17.600000	4.641121	4.878425	4.871475	4.636655	4.792570	4.782490
17.700000	4.643815	4.879601	4.872722	4.639365	4.794378	4.784730
17.800000	4.646482	4.880762	4.873951	4.642048	4.796164	4.786937
17.900000	4.649121	4.881905	4.875163	4.644704	4.797928	4.789111
18.000000	4.651734	4.883033	4.876358	4.647333	4.799669	4.791252
18.100000	4.654320	4.884145	4.877536	4.649935	4.801390	4.793362
18.200000	4.656880	4.885241	4.878697	4.652511	4.803089	4.795440
18.300000	4.659414	4.886322	4.879843	4.655062	4.804767	4.797488
18.400000	4.661922	4.887388	4.880972	4.657587	4.806424	4.799506
18.500000	4.664405	4.888440	4.882086	4.660086	4.808062	4.801494
18.600000	4.666863	4.889477	4.883184	4.662561	4.809679	4.803454
18.700000	4.669297	4.890499	4.884268	4.665011	4.811277	4.805386
18.800000	4.671705	4.891508	4.885337	4.667436	4.812855	4.807289
18.900000	4.674090	4.892504	4.886391	4.669837	4.814415	4.809166
19.000000	4.676451	4.893485	4.887431	4.672215	4.815956	4.811016
19.100000	4.678788	4.894454	4.888457	4.674569	4.817478	4.812839
19.200000	4.681101	4.895410	4.889469	4.676899	4.818982	4.814637
19.300000	4.683392	4.896352	4.890467	4.679207	4.820468	4.816409
19.400000	4.685660	4.897283	4.891453	4.681492	4.821937	4.818157
19.500000	4.687906	4.898201	4.892425	4.683754	4.823388	4.819880
19.600000	4.690129	4.899107	4.893384	4.685994	4.824823	4.821580
19.700000	4.692330	4.900001	4.894331	4.688212	4.826240	4.823256
19.800000	4.694510	4.900884	4.895266	4.690409	4.827641	4.824908
19.900000	4.696668	4.901754	4.896188	4.692584	4.829025	4.826538
20.000000	4.698805	4.902614	4.897098	4.694737	4.830394	4.828146
21.000000	4.719060	4.910631	4.905586	4.715161	4.843244	4.843084
22.000000	4.737451	4.917708	4.913076	4.733717	4.854723	4.856183
23.000000	4.754182	4.923984	4.919717	4.750609	4.865014	4.867728
24.000000	4.769436	4.929574	4.925631	4.766018	4.874272	4.877952
25.000000	4.783372	4.934575	4.930921	4.780102	4.882627	4.887048
26.000000	4.796129	4.939066	4.935670	4.793002	4.890190	4.895174
27.000000	4.807831	4.943112	4.939949	4.804839	4.897058	4.902462
28.000000	4.818586	4.946772	4.943817	4.815724	4.903310	4.909022
29.000000	4.828491	4.950091	4.947326	4.825750	4.909018	4.914947
30.000000	4.837628	4.953111	4.950518	4.835004	4.914241	4.920315
31.000000	4.846073	4.955867	4.953430	4.843559	4.919032	4.925195
32.000000	4.853893	4.958387	4.956093	4.851483	4.923438	4.929643
33.000000	4.861145	4.960699	4.958535	4.858834	4.927497	4.933708
34.000000	4.867882	4.962824	4.960780	4.865664	4.931245	4.937432
35.000000	4.874150	4.964782	4.962849	4.872020	4.934713	4.940853
36.000000	4.879991	4.966590	4.964758	4.877945	4.937927	4.944003
37.000000	4.885442	4.968263	4.966525	4.883475	4.940911	4.946908
38.000000	4.890536	4.969814	4.968162	4.888645	4.943688	4.949595
39.000000	4.895303	4.971254	4.969683	4.893484	4.946274	4.952083
40.000000	4.899771	4.972594	4.971097	4.898019	4.948688	4.954392
41.000000	4.903963	4.973842	4.972415	4.902274	4.950943	4.956539
42.000000	4.907900	4.975008	4.973646	4.906273	4.953054	4.958539
43.000000	4.911604	4.976097	4.974796	4.910035	4.955033	4.960404
44.000000	4.915092	4.977117	4.975872	4.913577	4.956890	4.962147
45.000000	4.918379	4.978073	4.976881	4.916917	4.958634	4.963777
46.000000	4.921482	4.978971	4.977829	4.920069	4.960276	4.965305
47.000000	4.924413	4.979814	4.978719	4.923048	4.961822	4.966738
48.000000	4.927184	4.980609	4.979557	4.925864	4.963280	4.968084
49.000000	4.929808	4.981357	4.980346	4.928531	4.964657	4.969351
50.000000	4.932294	4.982063	4.981091	4.931057	4.965958	4.970544
51.000000	4.934651	4.982729	4.981794	4.933454	4.967189	4.971668
52.000000	4.936888	4.983359	4.982459	4.935728	4.968354	4.972730
53.000000	4.939013	4.983956	4.983088	4.937889	4.969459	4.973733
54.000000	4.941034	4.984521	4.983684	4.939944	4.970507	4.974683
55.000000	4.942957	4.985056	4.984249	4.941899	4.971502	4.975581
56.000000	4.944788	4.985565	4.984786	4.943762	4.972448	4.976433
57.000000	4.946532	4.986048	4.985295	4.945536	4.973348	4.977241
58.000000	4.948196	4.986507	4.985779	4.947229	4.974205	4.978008
59.000000	4.949784	4.986943	4.986240	4.948844	4.975021	4.978737
60.000000	4.951301	4.987360	4.986679	4.950387	4.975799	4.979431
61.000000	4.952751	4.987756	4.987097	4.951862	4.976541	4.980091
62.000000	4.954137	4.988134	4.987496	4.953272	4.977250	4.980720
63.000000	4.955463	4.988495	4.987876	4.954622	4.977927	4.981320
64.000000	4.956733	4.988840	4.988240	4.955914	4.978575	4.981892
65.000000	4.957950	4.989169	4.988587	4.957153	4.979195	4.982438
66.000000	4.959116	4.989484	4.988919	4.958340	4.979788	4.982961
67.000000	4.960235	4.989786	4.989237	4.959479	4.980356	4.983460
68.000000	4.961309	4.990075	4.989542	4.960571	4.980901	4.983937
69.000000	4.962340	4.990351	4.989834	4.961621	4.981423	4.984394
70.000000	4.963330	4.990617	4.990113	4.962629	4.981924	4.984832
71.000000	4.964282	4.990871	4.990382	4.963599	4.982405	4.985252
72.000000	4.965198	4.991116	4.990639	4.964531	4.982868	4.985655
73.000000	4.966079	4.991350	4.990887	4.965428	4.983312	4.986041
74.000000	4.966928	4.991576	4.991124	4.966292	4.983740	4.986412
75.000000	4.967745	4.991793	4.991353	4.967124	4.984151	4.986769
76.000000	4.968532	4.992001	4.991573	4.967925	4.984547	4.987111
77.000000	4.969291	4.992202	4.991784	4.968698	4.984928	4.987441
78.000000	4.970023	4.992395	4.991988	4.969443	4.985295	4.987758
79.000000	4.970729	4.992581	4.992184	4.970162	4.985649	4.988063
80.000000	4.971410	4.992761	4.992374	4.970856	4.985991	4.988357
81.000000	4.972068	4.992934	4.992556	4.971527	4.986320	4.988640
82.000000	4.972704	4.993100	4.992732	4.972174	4.986638	4.988913
83.000000	4.973318	4.993261	4.992901	4.972800	4.986945	4.989177
84.000000	4.973912	4.993417	4.993065	4.973405	4.987242	4.989431
85.000000	4.974487	4.993567	4.993224	4.973990	4.987528	4.989676
86.000000	4.975042	4.993712	4.993376	4.974556	4.987805	4.989913
87.000000	4.975580	4.993852	4.993524	4.975103	4.988073	4.990141
88.000000	4.976101	4.993988	4.993667	4.975634	4.988333	4.990362
89.000000	4.976605	4.994119	4.993805	4.976147	4.988584	4.990576
90.000000	4.977093	4.994246	4.993939	4.976645	4.988826	4.990783
91.000000	4.977567	4.994369	4.994069	4.977127	4.989062	4.990983
92.000000	4.978026	4.994488	4.994194	4.977595	4.989290	4.991176
93.000000	4.978471	4.994603	4.994315	4.978048	4.989510	4.991364
94.000000	4.978902	4.994715	4.994433	4.978488	4.989725	4.991545
95.000000	4.979321	4.994823	4.994547	4.978915	4.989932	4.991721
96.000000	4.979728	4.994928	4.994658	4.979329	4.990134	4.991891
97.000000	4.980122	4.995030	4.994765	4.979731	4.990329	4.992057
98.000000	4.980506	4.995128	4.994869	4.980121	4.990519	4.992217
99.000000	4.980878	4.995224	4.994970	4.980501	4.990703	4.992372
100.000000	4.981240	4.995317	4.995068	4.980870	4.990882	4.992523
101.000000	4.981591	4.995408	4.995163	4.981228	4.991055	4.992669
