1.000000,1.000000,1.000000,1.000000,1.000000,1.000000,10.000000,1.000000,1.000000,1.000000,,,1.000000,1.000000,1.000000,1.000000,1.000000,,,1.000000,10.000000,1.000000,1.000000
0.969400,0.977000,0.979600,0.980000,0.980000,1.000000,49.000000,0.983800,0.980500,0.974000,,,0.985400,3.000000,0.974600,0.973200,0.961000,,,0.976200,7.000000,0.967800,0.957800
0.941600,0.963400,0.972600,0.970000,0.970000,0.990000,49.000000,0.954300,0.948600,0.942400,,,0.969800,1.000000,0.948400,0.958600,0.933600,,,0.971000,3.000000,0.949600,0.989600
0.807579,0.850894,0.881217,0.908668,0.923862,0.980349,250.000000,0.677544,0.803145,0.880429,0.937691,0.956808,0.965763,150.000000,0.700212,0.738326,0.853050,0.957011,0.968091,0.973301,149.000000,0.980349,0.981328
0.807579,0.850894,0.881217,0.908668,0.923862,0.980349,250.000000,0.677544,0.803145,0.880429,0.937691,0.956808,0.965763,150.000000,0.700212,0.738326,0.853050,0.957011,0.968091,0.973301,149.000000,0.980349,0.982071
0.617784,0.584050,0.561721,0.546105,0.541279,0.671083,2.000000,0.505834,0.502281,0.500965,0.487761,0.502369,0.510002,3.000000,0.529479,0.548605,0.538121,0.481927,0.501842,0.557554,11.000000,0.528777,0.677443
0.670644,0.637085,0.614713,0.602737,0.602693,0.719161,2.000000,0.647877,0.652351,0.653580,0.644192,0.623443,0.656650,16.000000,0.592648,0.606598,0.635155,0.632128,0.602430,0.648096,18.000000,0.624496,0.748596
0.870373,0.885886,0.886238,0.880362,0.884240,0.911623,122.000000,0.904454,0.899636,0.896463,0.893172,0.881537,0.905512,4.000000,0.881067,0.873663,0.884005,0.886356,0.865319,0.892702,4.000000,0.883653,0.903984
0.714890,0.673170,0.654013,0.636267,0.015748,0.734516,2.000000,0.330474,0.331884,0.355388,0.505700,,0.552004,61.000000,0.519332,0.468093,0.437537,0.369491,,0.558468,42.000000,0.492067,0.326008
0.746697,0.762214,0.773881,0.786793,0.805192,0.847894,200.000000,0.772129,0.773489,0.774988,0.771575,0.769915,0.775265,16.000000,0.771852,0.777132,0.771368,0.766203,0.759171,0.777847,9.000000,0.764451,0.763436
0.363699,0.328353,0.307464,0.295266,0.299186,0.500000,1.000000,0.258560,0.251712,0.244080,0.246478,0.246639,0.281870,1.000000,0.302552,0.271979,0.250882,0.262664,0.288695,0.445390,1.000000,0.271910,0.351295
0.600864,0.567073,0.527439,0.505335,0.545986,0.646596,2.000000,0.588669,0.588923,0.585366,0.590447,0.566057,0.594766,79.000000,0.540142,0.580285,0.574441,0.599339,0.530742,0.633638,109.000000,0.552591,0.646341
0.903237,0.920978,0.907503,0.986322,0.985915,0.992958,51.000000,0.943797,0.947860,0.950975,0.950163,,0.952600,47.000000,0.932692,0.942511,0.950772,0.724743,,0.952736,39.000000,0.936755,0.941969
0.995177,0.998087,0.999402,0.999880,1.000000,1.000000,100.000000,0.997668,0.995596,0.993444,0.987455,0.957393,0.999761,1.000000,0.998904,0.997110,0.993523,0.976076,0.838619,0.999263,4.000000,0.979962,0.952869
0.928021,0.958299,0.977394,0.985751,0.988444,0.989437,70.000000,0.935486,0.914437,0.819835,0.714358,0.624075,0.954129,1.000000,0.982273,0.966185,0.800743,0.827849,0.471630,0.985379,3.000000,0.927299,0.663088
0.887997,0.927496,0.944705,0.938108,0.930426,0.972752,132.000000,0.876831,0.764746,0.683862,0.562312,0.544017,0.935998,1.000000,0.915900,0.785663,0.753703,0.460449,0.467661,0.945402,1.000000,0.874536,0.679929
0.881919,0.955006,0.975580,0.963362,0.945531,0.991361,136.000000,0.902634,0.829579,0.716810,0.592944,0.577226,0.937712,1.000000,0.981145,0.770775,0.696237,0.495026,0.577352,0.986852,4.000000,0.873579,0.687613
0.787200,0.882033,0.909433,0.883600,0.436667,0.916667,99.000000,0.885433,0.806467,0.687000,0.524200,,0.896500,1.000000,0.941800,0.726500,0.657233,0.503267,,0.970000,2.000000,0.840767,0.662733
0.857494,0.917215,0.967464,0.917646,0.742358,1.000000,70.000000,0.954425,0.914201,0.699736,0.654345,,0.973369,1.000000,0.933452,0.887877,0.472415,0.642290,,0.962113,3.000000,0.902085,0.744511
0.898954,0.908653,0.882032,0.839350,0.816893,0.913682,7.000000,0.750514,0.597479,0.535345,0.511567,0.494301,0.904159,1.000000,0.612214,0.353585,0.458259,0.527527,0.476696,0.934793,3.000000,0.738199,0.551190
0.938381,0.963502,0.951836,0.907889,0.450450,0.963502,10.000000,0.829695,0.730192,0.726207,0.652922,,0.937052,1.000000,0.735851,0.781012,0.788404,0.560753,,0.975687,2.000000,0.848291,0.746188
0.860815,0.970032,0.985690,0.948980,0.407942,0.992780,82.000000,0.915010,0.816928,0.732895,0.651081,,0.965291,1.000000,0.942499,0.673394,0.655343,0.527598,,0.995955,2.000000,0.915271,0.718238
0.856445,0.950817,0.965376,0.919567,0.488636,0.984553,63.000000,0.893200,0.808594,0.701083,0.575550,,0.937145,1.000000,0.973988,0.804421,0.528853,0.537997,,0.999467,2.000000,0.919478,0.741832
0.934901,0.985085,0.988419,0.712230,0.712230,1.000000,40.000000,0.904545,0.872960,0.797684,,,0.960344,1.000000,0.998772,0.968942,0.664503,,,0.999474,7.000000,0.943323,0.792244
0.606876,0.552769,0.529660,0.482457,0.485839,0.698887,2.000000,0.575595,0.574609,0.581232,0.580527,0.575454,0.593490,1.000000,0.505425,0.550232,0.539101,0.569255,0.561928,0.593631,64.000000,0.510568,0.605185
0.632943,0.548823,0.508666,0.357616,0.357616,0.650697,3.000000,0.427786,0.404960,0.442018,,,0.522897,1.000000,0.530506,0.407496,0.475835,,,0.565450,2.000000,0.523883,0.527688
0.940572,0.940862,0.929424,0.919561,0.850394,0.954662,93.000000,0.901823,0.875591,0.858765,0.850725,,0.970348,1.000000,0.834397,0.842768,0.837754,0.848985,,0.924824,1.000000,0.906651,0.978367
0.525736,0.484376,0.455325,0.434604,0.435392,0.542312,4.000000,0.262785,0.222586,0.204103,0.195276,0.200207,0.470597,1.000000,0.311562,0.245048,0.206879,0.201243,0.215789,0.550870,1.000000,0.389536,0.362868
0.612500,0.632955,0.679545,0.818182,0.818182,0.863636,39.000000,0.676136,0.686364,0.682955,,,0.694318,12.000000,0.673864,0.701136,0.686364,,,0.709091,9.000000,0.688636,0.761364
0.862698,0.856349,0.855853,0.872024,0.638889,0.903274,68.000000,0.819940,0.791468,0.762996,0.727877,,0.858433,1.000000,0.853472,0.870833,0.849802,0.633234,,0.874802,12.000000,0.781250,0.862996
0.723970,0.718249,0.712338,0.719298,0.311594,0.745233,75.000000,0.727879,0.707475,0.689645,0.653318,,0.754863,1.000000,0.732170,0.744088,0.693364,0.667906,,0.745423,9.000000,0.682399,0.560259
0.610966,0.585931,0.572690,0.552655,0.580000,0.683310,2.000000,0.591431,0.591345,0.592138,0.589517,0.583707,0.595655,2.000000,0.556931,0.572793,0.585483,0.585379,0.560724,0.603276,144.000000,0.576310,0.666828
0.636931,0.623034,0.609069,0.594862,0.591931,0.649241,2.000000,0.508052,0.504603,0.501655,0.493569,0.481138,0.508931,4.000000,0.542793,0.545931,0.522586,0.488448,0.443897,0.596569,2.000000,0.563862,0.559276
0.952286,0.954707,0.959550,0.951431,0.983193,0.983193,100.000000,0.932631,0.941889,0.956274,0.954565,,0.956274,20.000000,0.868395,0.824954,0.962399,0.930494,,0.963253,22.000000,0.950292,0.919527
0.805318,0.769383,0.749901,0.749901,0.710280,0.805318,5.000000,0.828748,0.824141,0.823088,0.816375,,0.834145,4.000000,0.728709,0.786495,0.792681,0.763328,,0.824009,34.000000,0.806897,0.849678
0.873558,0.850000,0.834135,0.815385,0.815385,0.873558,5.000000,0.804968,0.803526,0.808494,,,0.836058,1.000000,0.786058,0.813622,0.812981,,,0.833013,38.000000,0.826122,0.887821
0.795211,0.815706,0.832039,0.853994,0.870767,0.916667,300.000000,0.835539,0.842328,0.848172,0.853333,0.858133,0.859489,127.000000,0.818511,0.838050,0.844583,0.863467,0.873661,0.874706,94.000000,0.839939,0.866633
0.852483,0.867922,0.880083,0.897211,0.912744,0.968333,300.000000,0.895139,0.901339,0.907011,0.912306,0.918489,0.923800,150.000000,0.877400,0.889272,0.902772,0.914361,0.929856,0.933489,144.000000,0.919700,0.951906
0.858617,0.874700,0.886906,0.902461,0.915133,0.950000,300.000000,0.899017,0.902822,0.905267,0.906983,0.910083,0.912333,147.000000,0.874244,0.889811,0.894244,0.902994,0.912483,0.913500,112.000000,0.898292,0.932139
0.947318,0.960428,0.966284,0.967962,0.968490,0.973880,190.000000,0.959609,0.952075,0.933303,0.873704,0.811709,0.960288,4.000000,0.951256,0.928778,0.909571,0.885828,0.730616,0.954386,3.000000,0.924716,0.961446
0.704293,0.721553,0.721854,0.727239,0.737833,0.737869,99.000000,0.705732,0.702842,0.680581,0.641557,0.609826,0.705732,5.000000,0.652129,0.647161,0.570652,0.450463,0.615812,0.666752,3.000000,0.675588,0.735825
0.842401,0.845563,0.853255,0.870164,0.844365,0.904108,200.000000,0.845337,0.812463,0.774419,0.705049,0.683077,0.910967,1.000000,0.717970,0.675356,0.777055,0.748897,0.665496,0.875460,1.000000,0.798728,0.871603
0.669246,0.657513,0.650147,0.648354,0.653406,0.693128,2.000000,0.650400,0.636569,0.625264,0.597561,0.593313,0.652182,4.000000,0.586766,0.581587,0.549833,0.423769,0.621540,0.651710,123.000000,0.622627,0.703567
0.713525,0.691029,0.647298,0.615418,0.609218,0.715007,4.000000,0.671495,0.681536,0.678381,0.656324,0.619314,0.681536,10.000000,0.624143,0.671385,0.698381,0.649877,0.591111,0.705624,18.000000,0.640521,0.642634
0.620741,0.564060,0.527023,0.498107,0.364444,0.626337,4.000000,0.406091,0.403402,0.426008,0.473169,,0.500604,74.000000,0.474129,0.454266,0.446420,0.504911,,0.560658,71.000000,0.454266,0.585185
0.675764,0.655750,0.632642,0.593523,0.584061,0.722571,2.000000,0.605941,0.607806,0.562136,0.513555,0.462746,0.621088,1.000000,0.518286,0.592385,0.560499,0.519150,0.570915,0.594660,11.000000,0.563000,0.647152
0.686727,0.641148,0.595388,0.327511,0.327511,0.718477,3.000000,0.662209,0.659525,0.625591,,,0.831650,1.000000,0.421124,0.638783,0.631368,,,0.822098,3.000000,0.618222,0.846570
